admin2Name,admin2Pcod,Year,ET,ET_1,ET_2,ET_3,ET_4,ET_5,ET_6,ET_7,Avg_ET,PET,PET_1,PET_2,PET_3,PET_4,PET_5,PET_6,PET_7,Avg_PET
Mueang Tak,TH6301,2014,162.3805032776486,89.90107845210406,107.93645591034048,112.3262634806513,118.21332205540286,130.17060689363507,69.83197293296683,42.55271727637979,104.16411503489113,163.56692746880955,128.15605836329033,112.83780926200045,112.3262634806513,118.21332205540286,130.17060689363507,108.13842249947139,98.05098329456547,121.43254916472829
Ban Tak,TH6302,2014,162.4245197740113,81.98060263653484,104.20659133709981,111.1940866290019,117.43359698681732,130.0582297551789,72.88350282485875,21.72154425612053,100.2378342749529,162.4245197740113,126.53510357815442,111.51167608286252,111.1940866290019,117.43359698681732,130.0582297551789,107.01145009416196,96.46726930320152,120.32949152542373
Sam Ngao,TH6303,2014,162.99019221291277,64.38644652538197,85.50118284869394,112.65120749137508,118.67195662888123,130.92769837358304,72.38068013799902,22.27811729916215,96.22343518974866,162.99019221291277,128.80147856086742,113.14322326269098,112.65120749137508,118.67195662888123,130.92769837358304,106.37796944307541,95.67067520946279,121.15430014785609
Mae Ramat,TH6304,2014,151.35282352941178,114.98955882352942,97.84664705882356,101.60132352941177,110.36747058823532,127.59476470588234,71.75567647058823,32.91832352941177,101.05332352941178,151.35282352941178,115.25205882352942,97.84664705882356,101.60132352941177,110.36747058823532,127.59476470588234,105.64979411764708,96.56991176470588,113.27934926470589
Tha Song Yang,TH6305,2014,149.83636363636364,113.57272727272726,96.22,100.22545454545454,109.3218181818182,128.38,70.64727272727272,55.46,102.95795454545456,149.83636363636364,113.57272727272726,96.22,100.22545454545454,109.3218181818182,128.38,105.02000000000001,96.02,112.32454545454546
Mae Sot,TH6306,2014,150.2597437266418,112.91106513614523,95.60911639081688,99.66601708489054,109.07557394554195,126.83166043780037,73.0926855312333,53.29095034703683,102.59210157501334,150.2597437266418,112.91106513614523,95.60911639081688,99.66601708489054,109.07557394554195,126.83166043780037,107.81316070475177,97.55005339028295,112.4645488521089
Phop Phra,TH6307,2014,149.326211782252,111.97591349739001,95.23141312453394,99.29651379567487,107.92912005965697,124.31687173750932,72.96938851603281,56.108426547352714,102.14423238255033,149.326211782252,111.97591349739001,95.23141312453394,99.29651379567487,107.92912005965697,124.31687173750932,107.33467561521252,97.57071215510811,111.62267897091722
Umphang,TH6308,2014,151.17931769722816,112.90255863539447,95.5042643923241,100.60831556503199,108.38038379530917,123.58528784648189,73.13667377398721,56.779104477611945,102.75948827292112,151.17931769722816,112.90255863539447,95.5042643923241,100.60831556503199,108.38038379530917,123.58528784648189,107.42942430703627,97.68507462686567,112.15932835820895
Wang Chao,TH6309,2014,158.731330472103,118.55204838080377,108.28224736636756,109.25317986734298,115.65345298478348,128.82028872415137,75.0167772142021,53.24728833398361,108.44457666796725,160.41728443230588,123.71342177136171,108.28224736636756,109.25317986734298,115.65345298478348,128.82028872415137,108.8323058915334,98.95786188060866,119.24125536480685
Mueang Loei,TH4201,2014,136.78527746319367,128.94314835787088,117.84660249150622,118.96375990939978,114.19753680634201,98.82667044167611,63.03966591166478,40.48912797281994,102.38647366930917,164.3487259343148,130.1733295583239,117.84660249150622,118.96375990939978,114.19753680634201,126.34323329558323,100.22231030577576,94.54728199320499,120.83034753680637
Na Duang,TH4202,2014,128.61907957814,128.2181687440077,118.44443911792906,119.59146692233944,113.66931927133271,96.70575263662514,62.05158197507191,40.11831255992331,100.92726510067115,163.53020134228188,130.81860019175457,118.44443911792906,119.59146692233944,113.66931927133271,125.98015340364337,100.57756471716203,96.26979865771813,121.11019295302015
Chiang Khan,TH4203,2014,137.37034808766654,128.56622260421148,116.64628276751183,118.11813493768803,113.50408250966913,99.08435754189945,63.40382466695316,39.00330898152127,101.96207026214012,162.99312419424155,129.01860764933392,116.64628276751183,118.11813493768803,113.50408250966913,126.95569402664376,99.58061882251828,91.49664804469275,119.7891491190374
Pak Chom,TH4204,2014,134.9,126.85000000000001,114.25,117.45,111.55000000000001,98.70000000000002,66.65,44.7,101.88125000000001,160.45,126.85000000000001,114.25,117.45,111.55000000000001,125.55000000000001,99.2,91.0,118.2875
Dan Sai,TH4205,2014,142.15360824742268,119.16540664375718,117.41095838106149,116.13008781977858,114.87995418098512,101.42520045819016,62.796410843833534,46.34226804123712,102.53798682703322,160.5565101183658,129.5234058801069,117.41095838106149,116.13008781977858,114.87995418098512,125.06861397479955,100.05395189003437,94.7199694539901,119.79293146239023
Na Haeo,TH4206,2014,152.39380530973452,113.58171091445429,117.57846607669617,116.1274336283186,115.77374631268437,100.97994100294986,60.16430678466077,42.720058997050145,102.41493362831858,162.25132743362832,130.9014749262537,117.57846607669617,116.1274336283186,115.77374631268437,126.54424778761063,100.79587020648968,94.70235988200591,120.58436578171093
Phu Ruea,TH4207,2014,140.78126094570928,117.3196147110333,116.64772329246935,115.89649737302976,113.07346760070052,99.50420315236425,61.983537653239935,44.105954465849386,101.16403239929947,159.64938704028023,128.61085814360771,116.64772329246935,115.89649737302976,113.07346760070052,124.20183887915937,99.68432574430823,94.93231173380036,119.08705122591944
Tha Li,TH4208,2014,145.130475631239,127.52554315913095,117.67563123899001,117.12008220786849,114.7996476805637,103.63100411039342,66.94022313564298,46.55596007046389,104.92232090428656,163.80986494421612,129.87163828537874,117.67563123899001,117.12008220786849,114.7996476805637,127.38954785672344,100.55560775102761,92.40710510863182,120.45364063417499
Wang Saphung,TH4209,2014,129.4183468104223,125.71876010781672,119.1661635220126,120.28988319856245,116.68167115902968,100.97547169811324,64.48400718778079,44.91813117699912,102.70655435759214,166.7684636118599,131.99728661275833,119.1661635220126,120.28988319856245,116.68167115902968,127.15338724168915,101.12659478885898,98.04785265049418,122.65391284815816
Phu Kradueng,TH4210,2014,115.30409123823317,109.07824040550325,122.94837074583634,121.88573497465606,118.84771904417089,98.97208544532948,59.743410572049235,41.14228819695873,98.49024257784211,168.05014482259233,135.6613323678494,122.94837074583634,121.88573497465606,118.84771904417089,128.45745836350468,102.17262853005067,101.5452208544533,124.94607621288921
Phu Luang,TH4211,2014,125.96367001586465,124.49931253305131,119.69444738233742,119.77556848228451,117.22718138551033,103.05473294553147,66.36007403490218,48.48291909042835,103.13223823373876,166.88249603384457,132.47503966155475,119.69444738233742,119.77556848228451,117.22718138551033,127.26033844526708,102.09016393442624,98.4420941300899,122.98091618191434
Pha Khao,TH4212,2014,118.22960541676399,115.76140555685271,121.33086621526972,121.60515993462528,118.40819519028722,98.25290684099932,60.94436142890498,41.31800140088724,99.48131274807382,167.74366098529075,134.62334812047632,121.33086621526972,121.60515993462528,118.40819519028722,128.07018445015177,102.43978519729163,101.3237683866449,124.44312106000473
Erawan,TH4213,2014,125.64043859649125,123.64690058479535,119.35464912280703,120.74152046783627,115.74277777777779,97.79769005847953,61.918333333333344,41.2126023391813,100.75686403508773,165.91271929824566,131.93494152046785,119.35464912280703,120.74152046783627,115.74277777777779,126.70198830409359,101.37298245614035,98.44675438596492,122.52604166666671
Nong Hin,TH4214,2014,122.70976050610034,118.89909624943515,120.21961138725712,120.35499322187077,117.15612291007682,101.04970628106643,63.89064618165386,45.0806145503841,101.17006891098059,167.04157252598284,133.68775417984637,120.21961138725712,120.35499322187077,117.15612291007682,127.39150474469047,101.98422955264348,99.11206507004069,123.36848169905109
Mueang Satun,TH9101,2014,131.93035479632064,116.86491458607095,122.97017082785808,119.59947437582129,118.09737187910646,118.16544021024967,100.30210249671484,107.26964520367936,116.89993429697766,131.93035479632064,116.86491458607095,129.33245729303547,119.59947437582129,118.09737187910646,118.16544021024967,100.30210249671484,107.26964520367936,117.69522010512483
Khuan Don,TH9102,2014,134.97222222222226,119.33888888888889,121.90555555555557,122.40555555555557,120.01111111111113,120.2111111111111,101.41666666666669,108.06111111111112,118.54027777777777,134.97222222222226,119.33888888888889,131.7111111111111,122.40555555555557,120.01111111111113,120.2111111111111,101.41666666666669,108.06111111111112,119.76597222222223
Khuan Kalong,TH9103,2014,136.5113063407181,120.71260504201686,123.2170359052712,124.65584415584416,121.29724980901452,121.33590527119941,102.93086325439268,109.71772345301758,120.04731665393433,136.5113063407181,120.71260504201686,133.78892284186404,124.65584415584416,121.29724980901452,121.33590527119941,102.93086325439268,109.71772345301758,121.36880252100842
Tha Phae,TH9104,2014,135.55964240102168,120.30779054916988,125.10510855683268,124.17688378033205,120.88122605363986,121.23461047254152,103.00574712643679,109.29642401021711,119.94592911877395,135.55964240102168,120.30779054916988,133.31583652618136,124.17688378033205,120.88122605363986,121.23461047254152,103.00574712643679,109.29642401021711,120.97227011494253
La-Ngu,TH9105,2014,136.58703703703702,121.60717592592593,128.97905092592592,127.68796296296298,121.75,122.67824074074075,105.78541666666668,113.76099537037037,122.35448495370372,136.58703703703702,121.60717592592593,133.69837962962964,127.68796296296298,121.75,122.67824074074075,105.78541666666668,113.76099537037037,122.94440104166668
Thung Wa,TH9106,2014,,,,,,,,,,,,,,,,,,
Manang,TH9107,2014,137.70462427745667,121.83150289017341,123.61083815028903,127.642774566474,122.86026011560692,122.27124277456647,104.83482658959538,111.17456647398845,121.49132947976878,137.70462427745667,121.83150289017341,134.76618497109828,127.642774566474,122.86026011560692,122.27124277456647,104.83482658959538,111.17456647398845,122.88574783236994
Mueang Trang,TH9201,2014,142.9836320191159,127.26069295101554,134.47849462365593,134.47980884109919,127.84193548387097,129.07610513739547,110.36463560334528,115.95973715651137,127.80563022700122,142.9836320191159,127.26069295101554,140.51696535244923,134.47980884109919,127.84193548387097,129.07610513739547,110.36463560334528,115.95973715651137,128.56043906810038
Kantang,TH9202,2014,145.20000000000002,127.80000000000001,133.9,136.0,128.0,130.20000000000002,112.30000000000001,120.60000000000001,129.25,145.20000000000002,127.80000000000001,140.8,136.0,128.0,130.20000000000002,112.30000000000001,120.60000000000001,130.11249999999998
Yan Ta Khao,TH9203,2014,144.53517528223412,127.76452762923351,128.2819964349376,133.19245395127749,127.31467617349972,129.50267379679147,109.96215092097445,115.32863933452168,126.98528669043375,144.53517528223412,127.76452762923351,141.8274509803922,133.19245395127749,128.20041592394537,129.50267379679147,109.96215092097445,115.32863933452168,128.78918597742128
Palian,TH9204,2014,142.16260674157303,125.80449438202247,128.3755056179775,131.4911011235955,126.27101123595504,127.83204494382022,109.31438202247189,114.44516853932585,125.7120393258427,142.16260674157303,125.80449438202247,138.91087640449436,131.4911011235955,126.486202247191,127.83204494382022,109.31438202247189,114.44516853932585,127.0558595505618
Sikao,TH9205,2014,,,,,,,,,,,,,,,,,,
Huai Yot,TH9206,2014,145.1,128.4,134.1,134.4,130.3,129.20000000000002,109.60000000000001,110.9,127.75,145.1,128.4,144.1,134.4,130.3,129.20000000000002,109.60000000000001,110.9,129.0
Wang Wiset,TH9207,2014,,,,,,,,,,,,,,,,,,
Na Yong,TH9208,2014,143.54681081081083,126.98291891891893,129.03805405405407,134.29113513513514,127.70627027027027,129.28367567567568,110.14335135135134,115.36691891891893,127.0448918918919,143.54681081081083,126.98291891891893,140.53535135135135,134.29113513513514,128.27816216216215,129.28367567567568,110.14335135135134,115.36691891891893,128.55354054054055
Ratsada,TH9209,2014,,,,,,,,,,,,,,,,,,
Hat Samran,TH9210,2014,143.8,127.0,134.6,135.3,127.7,129.70000000000002,111.30000000000001,117.5,128.3625,143.8,127.0,140.0,135.3,127.7,129.70000000000002,111.30000000000001,117.5,129.03750000000002
Mueang Yala,TH9501,2014,130.14351464435146,113.93472803347281,113.73305439330544,119.60209205020922,114.11548117154813,112.80251046025104,93.95271966527197,92.4673640167364,111.3439330543933,130.14351464435146,113.97573221757324,124.89916317991631,119.60209205020922,117.92594142259416,112.80251046025104,93.95271966527197,92.4673640167364,113.22112970711298
Betong,TH9502,2014,,,,,,,,,,,,,,,,,,
Bannang Sata,TH9503,2014,,,,,,,,,,,,,,,,,,
Than To,TH9504,2014,,,,,,,,,,,,,,,,,,
Yaha,TH9505,2014,,,,,,,,,,,,,,,,,,
Raman,TH9506,2014,130.6138647019424,115.50797052913595,114.22049564634962,120.86081714668454,115.60408573342265,113.53891493636971,94.27675820495647,92.79886135298058,112.17772103148023,130.6138647019424,115.50797052913595,125.61527126590757,120.86081714668454,118.6660415271266,113.53891493636971,94.27675820495647,92.79886135298058,113.98481245813797
Kabang,TH9507,2014,,,,,,,,,,,,,,,,,,
Krong Pinang,TH9508,2014,,,,,,,,,,,,,,,,,,
Mueang Trat,TH2301,2014,153.67950450450448,117.99031531531534,112.2643143143143,123.25142642642643,118.40387887887888,125.17785285285284,101.44081581581581,83.24812312312312,116.9320289039039,153.67950450450448,117.99031531531534,112.2643143143143,123.25142642642643,118.40387887887888,125.17785285285284,115.57930430430432,128.58526026026027,124.36648210710712
Khlong Yai,TH2302,2014,,,,,,,,,,,,,,,,,,
Khao Saming,TH2303,2014,154.78948746726527,118.61578750467638,111.974354657688,123.35832398054622,118.05413393191171,125.53041526374861,96.83078937523382,80.70430228208006,116.23219930789377,154.78948746726527,118.61578750467638,111.974354657688,123.35832398054622,118.05413393191171,125.53041526374861,113.79453797231577,127.01971567527121,124.14209455667789
Bo Rai,TH2304,2014,153.8099350046425,118.57056638811514,111.45292479108636,122.60083565459608,117.24373259052925,124.07084493964716,92.75004642525533,76.2079851439183,114.58835886722376,153.8099350046425,118.57056638811514,111.45292479108636,122.60083565459608,117.24373259052925,124.07084493964716,110.15468895078925,121.48300835654597,122.42331708449396
Laem Ngop,TH2305,2014,154.3,117.7,112.7,123.5,119.30000000000001,126.2,103.4,84.9,117.75,154.3,117.7,112.7,123.5,119.30000000000001,126.2,116.7,130.5,125.11250000000001
Ko Kut,TH2306,2014,,,,,,,,,,,,,,,,,,
Ko Chang,TH2307,2014,,,,,,,,,,,,,,,,,,
Mueang Phrae,TH5401,2014,161.4137596899225,89.22842377260982,115.2672157622739,114.2154392764858,121.55274547803617,114.09841731266152,66.46770025839794,39.2451227390181,102.68610303617572,161.4137596899225,130.06453488372094,115.2672157622739,114.2154392764858,121.55274547803617,133.37270671834628,104.7372416020672,88.30697674418604,121.11632751937984
Rong Kwang,TH5402,2014,161.25071355759428,91.5949031600408,115.11044852191641,113.99694189602447,120.44276248725791,109.80387359836902,63.17803261977574,37.93924566768603,101.66461518858308,161.25071355759428,129.42043832823651,115.11044852191641,113.99694189602447,120.44276248725791,131.16707441386345,103.91029561671768,87.87925586136598,120.39724133537209
Long,TH5403,2014,161.73474358974357,83.86910256410256,116.90884615384616,114.64993589743591,122.47346153846154,124.93948717948719,69.60839743589743,18.224423076923078,101.55104967948716,161.73474358974357,133.08147435897436,116.90884615384616,114.64993589743591,122.47346153846154,134.41705128205123,106.22647435897436,89.37596153846152,122.35849358974359
Sung Men,TH5404,2014,162.10715005035252,92.82210473313194,115.60281973816717,114.42567975830816,121.50785498489425,115.57562940584089,67.57552870090635,37.437512588116824,103.38178499496478,162.10715005035252,130.50050352467272,115.60281973816717,114.42567975830816,121.50785498489425,132.84662638469285,104.70911379657605,89.50151057401813,121.40015735146024
Den Chai,TH5405,2014,162.53,93.89533333333333,116.082,114.44133333333333,121.866,117.39200000000001,66.88533333333334,25.19666666666667,102.28608333333334,162.53,131.09733333333335,116.082,114.44133333333333,121.866,133.56666666666666,105.52866666666668,89.90866666666668,121.87758333333335
Song,TH5406,2014,160.8151462994837,90.83075157773955,114.64859437751005,113.95622489959841,121.18284566838787,114.91663798049342,68.32306368330467,40.46477337923121,103.14225473321859,160.8151462994837,129.63138267355137,114.64859437751005,113.95622489959841,121.18284566838787,131.17573149741827,103.664314400459,86.68250143430869,120.21959265633969
Wang Chin,TH5407,2014,162.6617435897436,79.77856410256409,117.03815384615383,114.09230769230767,122.37158974358975,128.0313846153846,72.4694358974359,26.80123076923077,102.90555128205129,162.6617435897436,133.03323076923076,117.03815384615383,114.09230769230767,122.37158974358975,133.26635897435898,106.69846153846154,91.02594871794871,122.52347435897435
Nong Muang Khai,TH5408,2014,160.98633093525183,90.58604316546764,115.10273381294967,114.40086330935254,121.80877697841728,113.54388489208635,66.18158273381296,39.449640287769796,102.75748201438853,160.98633093525183,129.7656115107914,115.10273381294967,114.40086330935254,121.80877697841728,133.26834532374104,104.43453237410073,87.86158273381297,120.95359712230216
Mueang Nan,TH5501,2014,147.9767466110532,112.16371220020856,113.56079249217936,112.82794577685091,116.35818561001045,105.53826903023985,65.10834202294056,39.5339937434828,101.6334984358707,160.2129301355579,128.19708029197082,113.56079249217936,112.82794577685091,116.35818561001045,133.45766423357668,100.65933263816476,83.33451511991657,118.57605578727842
Mae Charim,TH5502,2014,,,,,,,,,,,,,,,,,,
Ban Luang,TH5503,2014,155.15,97.25,109.95,110.95000000000002,116.35000000000001,104.9,62.05,37.3,99.23750000000001,155.15,126.4,109.95,110.95000000000002,116.35000000000001,127.6,99.45000000000002,83.15,116.125
Na Noi,TH5504,2014,152.28753894080998,104.31557632398756,113.52928348909658,113.54704049844239,115.7411214953271,99.47102803738319,58.176947040498455,35.10031152647975,99.02110591900313,160.57383177570097,127.33831775700936,113.52928348909658,113.54704049844239,115.7411214953271,129.24454828660438,101.47943925233645,85.64984423676013,118.38792834890968
Pua,TH5505,2014,135.48092485549134,127.34046242774568,112.64739884393065,113.20000000000002,114.76300578034683,105.46300578034683,70.30173410404623,44.40693641618497,102.95043352601157,158.6034682080925,128.65953757225435,112.64739884393065,113.20000000000002,114.76300578034683,130.82080924855492,96.09132947976879,80.66300578034684,116.93106936416186
Tha Wang Pha,TH5506,2014,139.25,120.55000000000001,112.20000000000002,113.10000000000001,116.05000000000001,106.7,69.05000000000001,43.25,102.51875000000001,158.95,128.7,112.20000000000002,113.10000000000001,116.05000000000001,133.25,96.95,80.7,117.4875
Wiang Sa,TH5507,2014,149.98721210037812,109.11230663458232,113.68827775867996,113.02090065314542,116.46607081471296,103.4283258851839,62.95971124097628,38.09219663114472,100.84437521485047,160.19216225507049,128.05317978686838,113.68827775867996,113.02090065314542,116.46607081471296,131.437469920935,100.96407700240631,84.24451701615675,118.50833190099691
Thung Chang,TH5508,2014,,,,,,,,,,,,,,,,,,
Chiang Klang,TH5509,2014,135.48079470198675,126.93509933774835,111.92582781456953,113.06490066225165,115.93907284768211,106.90927152317882,70.77152317880795,44.59735099337749,103.20298013245032,157.78675496688743,128.35562913907285,111.92582781456953,113.06490066225165,115.93907284768211,132.1688741721854,95.70132450331126,80.75827814569537,116.96258278145694
Na Muen,TH5510,2014,154.3,101.80000000000001,113.9,113.60000000000001,115.9,98.2,56.800000000000004,34.2,98.5875,159.70000000000002,127.10000000000001,113.9,113.60000000000001,115.9,128.0,101.4,86.10000000000001,118.2125
Santi Suk,TH5511,2014,139.4,123.4,110.30000000000001,111.60000000000001,113.60000000000001,104.10000000000001,68.5,43.400000000000006,101.78750000000001,157.9,126.10000000000001,110.30000000000001,111.60000000000001,113.60000000000001,130.6,98.0,81.9,116.25
Bo Kluea,TH5512,2014,132.0,130.9,114.9,115.10000000000001,110.0,98.10000000000001,66.3,45.5,101.6,155.10000000000002,130.9,114.9,115.10000000000001,110.0,119.2,91.5,83.7,115.05000000000001
Song Khwae,TH5513,2014,,,,,,,,,,,,,,,,,,
Phu Phiang,TH5514,2014,146.92392344497608,115.67607655502393,114.37081339712918,113.25311004784689,116.52392344497606,105.25311004784689,66.42296650717704,40.39377990430622,102.3522129186603,160.8531100478469,128.54688995215312,114.37081339712918,113.25311004784689,116.52392344497606,132.40095693779904,101.1114832535885,83.1708133971292,118.77888755980861
Chaloem Phra Kiat,TH5515,2014,132.0,130.9,114.9,115.10000000000001,110.0,98.10000000000001,66.3,45.5,101.6,155.10000000000002,130.9,114.9,115.10000000000001,110.0,119.2,91.5,83.7,115.05000000000001
Mueang Phangnga,TH8201,2014,,,,,,,,,,,,,,,,,,
Ko Yao,TH8202,2014,,,,,,,,,,,,,,,,,,
Kapong,TH8203,2014,,,,,,,,,,,,,,,,,,
Takua Thung,TH8204,2014,,,,,,,,,,,,,,,,,,
Takua Pa,TH8205,2014,,,,,,,,,,,,,,,,,,
Khura Buri,TH8206,2014,,,,,,,,,,,,,,,,,,
Thap Put,TH8207,2014,,,,,,,,,,,,,,,,,,
Thai Mueang,TH8208,2014,,,,,,,,,,,,,,,,,,
Mueang Ranong,TH8501,2014,,,,,,,,,,,,,,,,,,
La-Un,TH8502,2014,,,,,,,,,,,,,,,,,,
Kapoe,TH8503,2014,,,,,,,,,,,,,,,,,,
Kra Buri,TH8504,2014,,,,,,,,,,,,,,,,,,
Suk Samran,TH8505,2014,,,,,,,,,,,,,,,,,,
Mueang Chumphon,TH8601,2014,121.4,118.0,116.5,114.7,116.9,117.9,106.5,112.2,115.5125,146.20000000000002,118.0,116.5,114.7,116.9,117.9,106.5,112.2,118.61250000000001
Tha Sae,TH8602,2014,,,,,,,,,,,,,,,,,,
Pathio,TH8603,2014,,,,,,,,,,,,,,,,,,
Lang Suan,TH8604,2014,,,,,,,,,,,,,,,,,,
Lamae,TH8605,2014,,,,,,,,,,,,,,,,,,
Phato,TH8606,2014,,,,,,,,,,,,,,,,,,
Sawi,TH8607,2014,122.5,119.60000000000001,120.9,116.9,119.60000000000001,119.7,108.4,112.4,117.5,146.0,119.60000000000001,120.9,116.9,119.60000000000001,119.7,108.4,114.60000000000001,120.7125
Thung Tako,TH8608,2014,122.5,119.60000000000001,120.9,116.9,119.60000000000001,119.7,108.4,112.4,117.5,146.0,119.60000000000001,120.9,116.9,119.60000000000001,119.7,108.4,114.60000000000001,120.7125
Mueang Songkhla,TH9001,2014,141.02707774798927,104.34664879356569,84.43458445040213,131.37292225201074,93.42707774798929,123.12707774798928,101.06166219839142,102.50750670241288,110.16306970509383,141.02707774798927,124.07372654155496,138.30080428954423,131.37292225201074,127.37747989276137,123.12707774798928,101.06166219839142,102.50750670241288,123.60603217158176
Sathing Phra,TH9002,2014,135.92073921971254,94.00924024640658,78.95123203285424,135.12956878850102,72.01796714579056,126.776386036961,105.16273100616017,108.5486652977413,107.06456622176593,145.697022587269,128.7780287474333,144.39476386036964,135.12956878850102,130.89476386036964,126.776386036961,105.16273100616017,108.5486652977413,128.17274127310063
Chana,TH9003,2014,136.8786912751678,112.61560402684566,100.401677852349,125.29563758389261,104.89530201342282,118.76476510067116,98.36191275167786,99.81845637583893,112.12900587248323,136.8786912751678,121.676677852349,135.89127516778524,125.29563758389261,123.05117449664431,118.76476510067116,98.36191275167786,99.81845637583893,119.96732382550339
Na Thawi,TH9004,2014,,,,,,,,,,,,,,,,,,
Thepha,TH9005,2014,135.25084745762715,118.76003568242643,108.692863514719,126.60240856378235,107.37743086529886,116.96458519179306,97.20071364852811,98.0956289027654,113.61806422836754,135.25084745762715,120.45147190008922,133.1040142729706,126.60240856378235,121.5911685994648,116.96458519179306,97.20071364852811,98.0956289027654,118.6576048171276
Saba Yoi,TH9006,2014,134.30576923076924,118.525,108.36538461538463,125.33461538461539,108.71153846153848,116.00769230769231,96.39807692307694,96.12500000000001,112.97163461538464,134.30576923076924,119.76346153846156,132.12692307692308,125.33461538461539,120.81538461538463,116.00769230769231,96.39807692307694,96.12500000000001,117.60961538461541
Ranot,TH9007,2014,145.04764447236178,100.500533919598,81.3288002512563,138.59484924623115,72.95191582914573,127.71589195979902,106.20603015075376,107.18919597989951,109.94185772613065,147.20310929648238,133.7875,150.98750000000004,141.53159547738696,132.99952889447238,127.71589195979902,106.20603015075376,107.18919597989951,130.9525439698492
Krasae Sin,TH9008,2014,139.24613821138215,97.42134146341463,81.48678861788619,137.955081300813,73.03678861788619,127.31747967479673,105.65447154471545,107.05813008130082,108.64702743902438,147.06341463414634,131.9178861788618,147.28373983739837,137.955081300813,132.44613821138213,127.31747967479673,105.65447154471545,107.05813008130082,129.58704268292684
Rattaphum,TH9009,2014,139.5608278647148,106.43614336193843,94.08586572438163,128.54179707218577,100.91650681474003,122.83457849570924,101.85810196870268,104.17486118122162,112.30108531044928,139.5620393740535,122.43306410903585,137.1744068652196,128.54179707218577,124.74209994952045,122.83457849570924,101.85810196870268,104.17486118122162,122.66511862695609
Sadao,TH9010,2014,,,,,,,,,,,,,,,,,,
Hat Yai,TH9011,2014,138.0057603686636,110.71705069124424,95.34216589861751,127.76313364055301,105.63064516129033,121.33594470046083,99.69285714285715,102.34447004608295,112.60400345622122,138.0057603686636,121.06705069124425,135.4119815668203,127.76313364055301,123.64216589861753,121.33594470046083,99.69285714285715,102.34447004608295,121.15792050691245
Na Mom,TH9012,2014,,,,,,,,,,,,,,,,,,
Khuan Niang,TH9013,2014,141.30309033280506,96.11695721077653,80.926941362916,131.53003169572108,88.57258320126782,124.47297939778129,103.51141045958795,106.36671949286847,109.10008914421553,142.51846275752774,124.60015847860538,140.10324881141045,131.53003169572108,127.93716323296356,124.47297939778129,103.51141045958795,106.36671949286847,125.13002179080824
Bang Klam,TH9014,2014,140.44825327510918,100.1528384279476,84.22816593886465,128.7482532751092,95.87423580786026,122.14716157205241,101.47074235807861,102.70895196506551,109.47232532751093,140.44825327510918,123.3157205240175,136.32467248908299,128.7482532751092,125.05502183406115,122.14716157205241,101.47074235807861,102.70895196506551,122.52734716157207
Singhanakhon,TH9015,2014,136.57038626609443,94.00236051502146,77.26716738197426,133.13497854077255,76.53948497854077,125.66158798283263,104.51716738197425,108.50665236051503,107.02497317596567,144.37896995708155,126.9343347639485,142.84291845493564,133.13497854077255,130.3881974248927,125.66158798283263,104.51716738197425,108.50665236051503,127.04560085836911
Khlong Hoi Khong,TH9016,2014,135.70000000000002,111.30000000000001,98.80000000000001,123.0,110.9,118.80000000000001,97.7,98.80000000000001,111.875,135.70000000000002,119.30000000000001,131.9,123.0,120.80000000000001,118.80000000000001,97.7,98.80000000000001,118.25
Mueang Rayong,TH2101,2014,,,,,,,,,,,,,,,,,,
Ban Chang,TH2102,2014,101.78755905511812,121.03165354330707,85.30598425196851,115.91023622047243,123.13448818897638,126.24094488188976,100.22614173228348,84.59795275590552,107.27937007874017,160.40251968503938,127.22456692913386,120.4396850393701,129.1251968503937,123.13448818897638,126.24094488188976,115.54015748031497,127.42330708661417,128.6913582677165
Klaeng,TH2103,2014,134.04566929133858,123.19710236220473,115.89020472440946,126.42563779527559,121.09845669291342,127.69388976377951,92.455937007874,78.88510236220473,114.9615,158.70377952755908,123.19710236220473,115.89020472440946,126.42563779527559,121.09845669291342,127.69388976377951,115.3447559055118,127.79502362204725,127.0186062992126
Wang Chan,TH2104,2014,123.96971046770604,122.78518930957684,115.67761692650335,124.71815144766148,120.0543429844098,125.56080178173718,88.01681514476616,75.86069042316258,112.08041481069043,156.70924276169268,122.78518930957684,115.67761692650335,124.71815144766148,120.0543429844098,125.56080178173718,111.00523385300669,122.02505567928732,124.81695434298443
Ban Khai,TH2105,2014,115.4250724637681,123.07768115942027,110.83782608695653,125.37652173913042,120.47405797101449,125.39623188405798,89.53608695652174,75.31507246376812,110.67981884057973,156.9727536231884,123.07768115942027,116.67971014492751,125.37652173913042,120.47405797101449,125.39623188405798,111.63927536231883,122.50898550724635,125.26565217391305
Pluak Daeng,TH2106,2014,107.72745314222715,116.7254685777288,91.34211686879826,122.33197353914004,121.37998897464169,124.36317530319735,88.33235942668135,73.85804851157663,105.75757304299891,157.93803748621832,124.53858875413452,118.15385887541346,126.55336273428887,121.37998897464169,124.36317530319735,111.00485115766264,122.69128996692395,125.82789415656008
Khao Chamao,TH2107,2014,131.6856862745098,122.70000000000002,115.3837254901961,125.11666666666667,120.19872549019608,126.32470588235294,88.84833333333336,76.32117647058824,113.32237745098038,157.31460784313728,122.70000000000002,115.3837254901961,125.11666666666667,120.19872549019608,126.32470588235294,112.53362745098039,124.1314705882353,125.4629411764706
Nikhom Phatthana,TH2108,2014,106.36918032786886,121.28236065573773,93.19842622950821,121.88537704918033,122.04695081967215,124.54452459016395,94.156,79.69298360655739,107.89697540983609,158.6266885245902,125.06078688524592,118.74111475409839,127.57029508196722,122.04695081967215,124.54452459016395,112.93750819672134,124.36885245901641,126.73709016393443
Mueang Yasothon,TH3501,2014,102.4798225830702,140.20408961058487,130.92634190347314,134.87434972184636,128.55122537964218,105.64330175913399,69.56495263870096,58.698376184032476,108.86780747256056,175.1130205984063,140.20408961058487,130.92634190347314,134.87434972184636,128.55122537964218,142.5023906179522,117.5857615396181,129.57645466847092,137.41670425499927
Sai Mun,TH3502,2014,101.54292408622307,138.874320524836,130.19432989690722,134.4613402061856,127.87164948453609,104.10182755388945,68.20529522024368,58.12469540768511,107.9220477975633,174.46996251171512,138.874320524836,130.19432989690722,134.4613402061856,127.87164948453609,142.37268041237115,116.43369259606375,128.57910028116214,136.65713448922213
Kut Chum,TH3503,2014,100.36625077017868,137.52686383240916,128.75911891558837,133.64274491682073,127.15605360443621,103.12640172520024,67.09601047443009,57.886814540973525,106.94503234750465,173.4411583487369,137.52686383240916,128.75911891558837,133.64274491682073,127.15605360443621,142.75925754775108,116.01742144177452,128.11792975970425,135.92756854590263
Kham Khuean Kaeo,TH3504,2014,101.71097293343085,139.87617654230672,131.23065106071684,134.9459643989271,128.74084369665934,106.26593513777125,70.8751524018532,58.81762984637891,109.05791575225551,174.90568154108752,139.87617654230672,131.23065106071684,134.9459643989271,128.74084369665934,141.92692026335038,119.48924652523773,130.19992684711045,137.66442635942448
Pa Tio,TH3505,2014,99.83586226203806,138.19468085106382,129.45733482642774,134.3275475923852,127.8925251959686,103.61766517357222,69.22505599104142,58.42483202687571,107.62193798992159,174.31240201567752,138.19468085106382,129.45733482642774,134.3275475923852,127.8925251959686,141.23992161254193,118.83922172452408,130.25699888017917,136.81507908734602
Maha Chana Chai,TH3506,2014,102.9161911911912,140.5304304304304,131.77537537537538,135.0101101101101,129.27565065065068,108.35465465465467,72.4147897897898,59.77885385385385,110.00700700700699,175.475950950951,140.5304304304304,131.77537537537538,135.0101101101101,129.27565065065068,142.49542042042046,120.30690690690692,131.06801801801802,138.24223285785786
Kho Wang,TH3507,2014,102.55809414466133,140.03065442020667,131.19908151549947,134.91687715269805,129.192365097589,108.26710677382322,73.88507462686569,61.074282433983925,110.14044202066593,174.7297933409874,140.03065442020667,131.19908151549947,134.91687715269805,129.192365097589,140.93570608495983,121.54282433983931,132.65952927669346,138.15085390355915
Loeng Nok Tha,TH3508,2014,95.07641713990706,134.8267423851316,126.21521941146099,132.56228187919464,125.7026535880227,100.01434176561692,64.63785234899328,56.4939081053175,104.44117707795559,172.55002581311305,134.8267423851316,126.21521941146099,132.56228187919464,125.7026535880227,141.65065565307174,114.85992772328343,127.08395456892102,134.43143262777488
Thai Charoen,TH3509,2014,98.00472180451126,136.3297142857143,127.76222556390977,133.29416541353382,126.63732330827071,101.38535338345865,66.69206015037594,57.46072180451128,105.94578571428572,173.07079699248118,136.3297142857143,127.76222556390977,133.29416541353382,126.63732330827071,141.42300751879702,116.51287218045115,127.80869172932333,135.3548496240602
Mueang Lamphun,TH5101,2014,159.10538336052204,70.25633496465471,109.85785753126702,111.64284937466017,119.5904839586732,125.54953779227844,63.190483958673205,16.478955954323006,96.95898586188149,159.10538336052204,128.67232191408377,110.35622620989672,111.64284937466017,119.5904839586732,129.21707449700926,101.79494290375207,86.95802066340403,118.41716286025016
Mae Tha,TH5102,2014,158.4,64.8,104.7,110.7,118.4,126.9,58.400000000000006,11.5,94.225,158.4,127.30000000000001,109.5,110.7,118.4,128.70000000000002,101.80000000000001,88.30000000000001,117.88750000000002
Ban Hong,TH5103,2014,158.47432432432436,60.80735735735737,103.20435435435438,110.45165165165167,118.00375375375378,128.31936936936938,48.566216216216226,11.07762762762763,92.36308183183185,158.47432432432436,126.52852852852855,108.71051051051053,110.45165165165167,118.00375375375378,128.77222222222227,102.7750750750751,89.3196696696697,117.87946696696699
Li,TH5104,2014,156.31485458612977,62.03143176733782,89.66809843400448,107.47351230425055,115.88550335570469,127.14120805369127,57.744093959731536,11.855771812080537,91.01430928411634,156.31485458612977,123.15089485458613,106.58268456375838,107.47351230425055,115.88550335570469,127.14120805369127,102.6640492170022,90.94621923937358,116.26986577181208
Thung Hua Chang,TH5105,2014,156.68975650713685,67.28136020151133,96.99076406381191,108.64282115869018,116.68631402183038,126.61267842149454,64.43249370277078,14.605205709487825,93.99267422334174,156.68975650713685,124.6120067170445,108.0303946263644,108.64282115869018,116.68631402183038,126.61267842149454,101.75701091519731,90.31570109151974,116.66833543240973
Pa Sang,TH5106,2014,158.85724533715924,58.14476327116213,104.80724533715926,111.20767575322813,118.92044476327116,126.26434720229555,45.53342898134864,10.276255380200862,91.75142575322812,158.85724533715924,127.73479196556673,109.64103299856528,111.20767575322813,118.92044476327116,129.2248923959828,102.96592539454807,88.13321377331421,118.33565279770445
Ban Thi,TH5107,2014,159.2369826435247,84.80774365821095,110.95113484646195,111.58878504672896,120.75687583444592,125.15821094793057,68.98010680907878,29.792256341789052,101.40901201602136,159.2369826435247,128.9,110.95113484646195,111.58878504672896,120.75687583444592,130.01428571428573,101.33110814419227,85.92857142857142,118.58846795727635
Wiang Nong Long,TH5108,2014,158.8431884057971,60.3231884057971,104.86347826086956,110.70028985507248,118.24782608695652,128.11043478260868,47.26550724637681,11.000289855072463,92.41927536231886,158.8431884057971,126.77536231884056,108.74898550724636,110.70028985507248,118.24782608695652,129.00463768115944,103.54260869565218,89.13652173913044,118.1249275362319
Mueang Lampang,TH5201,2014,160.04694176177935,87.2799531753,114.4700614574188,113.99397131987122,121.59291776412059,128.952794849283,72.11027216856893,22.639830260462396,102.63584284460056,160.04694176177935,131.2328943517706,114.4700614574188,113.99397131987122,121.59291776412059,130.71003804506876,103.63304067895817,86.92379280070237,120.32545727246122
Mae Mo,TH5202,2014,158.55615650172615,86.66800920598389,113.8608745684695,113.51542002301495,120.5745684695052,120.33843498273878,67.57100115074799,18.169850402761796,99.90678941311855,158.55615650172615,129.831415420023,113.8608745684695,113.51542002301495,120.5745684695052,128.0367088607595,101.75385500575376,86.70805523590336,119.10463176064444
Ko Kha,TH5203,2014,160.623245823389,73.41221957040572,112.48520286396182,113.80114558472553,121.56047732696896,131.20410501193317,72.07866348448687,18.820477326968973,100.498192124105,160.623245823389,131.33121718377086,113.72673031026251,113.80114558472553,121.56047732696896,131.26295942720762,105.21107398568016,88.93708830548925,120.80674224343676
Soem Ngam,TH5204,2014,160.26666666666668,65.43333333333334,101.36666666666667,112.40000000000002,120.30000000000001,130.66666666666669,63.966666666666676,11.800000000000002,95.77500000000002,160.26666666666668,130.53333333333333,113.60000000000002,112.40000000000002,120.30000000000001,130.66666666666669,105.63333333333333,89.8,120.39999999999999
Ngao,TH5205,2014,159.08867387592488,90.9578827546955,113.84513375071144,113.72583949914628,121.95469550369947,117.503187250996,67.73699487763231,39.53562891291975,103.04350455321573,159.08867387592488,130.22743312464428,113.84513375071144,113.72583949914628,121.95469550369947,129.88389299943086,101.53079112122937,83.99043824701195,119.28086226522481
Chae Hom,TH5206,2014,160.24515272244355,93.61845949535194,113.8859229747676,113.38671978751661,123.78930942895084,124.88891102257637,69.25863213811421,42.8359229747676,105.23862881806107,160.24515272244355,130.95365205843294,113.8859229747676,113.38671978751661,123.78930942895084,132.7917662682603,102.13525896414343,84.5937583001328,120.22269256308101
Wang Nuea,TH5207,2014,159.2724542630307,92.06441146013117,112.75336555056955,113.11870900931997,121.21094235415947,118.85070762858129,65.31663790127716,41.25619606489472,102.98042802899549,159.2724542630307,129.94780807732138,112.75336555056955,113.11870900931997,121.21094235415947,129.6426993441491,99.69099068001381,83.68757335174318,118.66556782878837
Thoen,TH5208,2014,162.48841463414632,61.25353658536585,88.16743902439025,112.98865853658536,119.85682926829267,131.24158536585364,62.435,12.659756097560976,93.8864024390244,162.48841463414632,130.19682926829267,115.33304878048781,112.98865853658536,119.85682926829267,131.24158536585364,106.09768292682926,93.55951219512195,121.47032012195123
Mae Phrik,TH5209,2014,162.95768463073858,60.98023952095809,84.80159680638724,112.90419161676647,119.28343313373254,131.36387225548904,64.92814371257485,13.635728542914173,93.85686127744512,162.95768463073858,130.15389221556885,115.8622754491018,112.90419161676647,119.28343313373254,131.36387225548904,106.64151696606787,94.26706586826349,121.67924151696607
Mae Tha,TH5210,2014,160.22619741774264,77.447563515202,114.05768429820908,113.89137859225323,120.88746355685132,129.39187838400665,72.28279883381926,21.990628904623073,101.27194918783842,160.22619741774264,130.93182007496875,114.10016659725116,113.89137859225323,120.88746355685132,130.06488962932113,103.20099958350687,88.36668054977095,120.20869950020824
Sop Prap,TH5211,2014,160.95114453891432,66.9670372792675,103.50039241334206,113.11798561151079,120.16756049705691,130.46795291039896,68.26638325703074,15.531720078482667,97.3712720732505,160.95114453891432,130.93433616742968,114.25107913669066,113.11798561151079,120.16756049705691,130.46795291039896,103.83420536298235,90.45042511445389,120.5218361674297
Hang Chat,TH5212,2014,159.80726612170753,78.7561762034514,113.31099000908264,113.19945504087191,121.3108537693006,130.53110808356038,72.34881925522251,21.48251589464124,101.34339804722978,159.80726612170753,130.78119891008168,113.31099000908264,113.19945504087191,121.3108537693006,131.2612624886467,104.06884650317892,87.70249772933695,120.18029632152586
Mueang Pan,TH5213,2014,159.6765940274415,93.15746569814365,113.21493139628733,112.44277643260693,122.52122679580305,124.30815173527037,69.31759483454398,43.034786117836966,104.70919087974171,159.6765940274415,129.6907183212268,113.21493139628733,112.44277643260693,122.52122679580305,130.70104923325263,101.4094430992736,85.15359160613399,119.35129136400323
Mueang Phayao,TH5601,2014,158.33799371633754,89.19930430879715,113.40507181328546,113.17508976660683,120.68240574506285,114.76339766606824,62.744142728904855,38.00729353680432,101.2893374102334,158.33799371633754,130.0774012567325,113.40507181328546,113.17508976660683,120.68240574506285,127.8627019748654,96.7564407540395,82.29398563734294,117.82388633303411
Chun,TH5602,2014,158.32837765957447,98.23638297872341,114.39992021276596,114.2052659574468,119.99566489361702,113.65702127659573,69.47146276595744,43.82135638297872,104.01443151595743,158.32837765957447,129.9747340425532,114.39992021276596,114.2052659574468,119.99566489361702,128.73446808510636,96.38098404255321,81.3941755319149,117.92669880319148
Chiang Kham,TH5603,2014,157.8723140495868,106.14421487603308,113.98526981040351,113.73327661643168,118.58736023334954,112.68988818667964,71.40442391832767,45.4353913466213,104.98151737967918,158.93777345649002,130.03043266893536,113.98526981040351,113.73327661643168,118.58736023334954,128.7464268351969,96.02651920272243,80.99326689353428,117.63004071463297
Chiang Muan,TH5604,2014,159.73120104438644,94.49895561357702,114.16618798955615,112.73446475195824,118.66762402088774,108.26710182767624,62.133681462141,36.234595300261105,100.80422650130548,159.73120104438644,129.9676240208877,114.16618798955615,112.73446475195824,118.66762402088774,129.7005221932115,100.1644908616188,82.43328981723238,118.44567558746739
Dok Khamtai,TH5605,2014,157.39729331614797,90.28624562695634,112.82209537838332,113.32244522187442,119.9398637451666,112.83082305284475,63.64431964647394,38.53544466948996,101.09731633216717,157.39729331614797,129.59243233290368,112.82209537838332,113.32244522187442,119.9398637451666,126.74083962437854,96.2095930767814,81.46192229791933,117.18581062419442
Pong,TH5606,2014,156.98239358761748,99.11086235489223,113.48739635157547,113.03366500829186,118.21937534549475,109.93582089552241,66.01857379767827,40.5168877833057,102.16312189054727,158.54707020453293,129.44046434494197,113.48739635157547,113.03366500829186,118.21937534549475,130.7026810392482,97.96614151464897,81.71923714759538,117.8895038695412
Mae Chai,TH5607,2014,159.76259607173358,96.9341588385995,113.46571306575576,113.75572160546544,120.40606319385141,117.74923142613154,70.1237830913749,45.00952177625962,104.65084863364646,159.76259607173358,130.62147736976942,113.46571306575576,113.75572160546544,120.40606319385141,127.33864218616567,96.96430401366354,82.09914602903501,118.05170794192999
Phu Sang,TH5608,2014,158.137652811736,112.31385493072537,114.40162999185006,114.02347188264059,118.3114099429503,112.49576202118992,72.47049714751428,46.02037489812552,106.0218317033415,159.2505297473513,130.23887530562348,114.40162999185006,114.02347188264059,118.3114099429503,128.37758761206192,95.63357783211084,81.21328443357784,117.68129584352079
Phu Kamyao,TH5609,2014,158.27670807453418,92.36537267080746,114.66972049689443,114.12344720496895,120.71746894409938,114.25698757763978,66.45015527950312,40.51995341614907,102.67247670807454,158.27670807453418,130.4863354037267,114.66972049689443,114.12344720496895,120.71746894409938,127.40791925465841,96.48423913043479,80.94992236024846,117.88947010869565
Mueang Phichit,TH6601,2014,131.19180707991964,102.89692379038492,121.87430823929512,118.92960272066782,122.97625599010668,124.43037563765651,72.62451692688207,43.684356160148404,104.82601831813261,171.6921162467151,137.29622816509507,121.87430823929512,118.92960272066782,122.97625599010668,135.6443345184727,111.54278868449528,106.1327253053022,128.26104498376876
Wang Sai Phun,TH6602,2014,137.3400125825731,113.55492293173953,122.98405158854986,119.8025479710601,123.12437873545139,123.00972003774774,70.34287511796161,27.821453287197222,104.7474952815351,169.10405787983643,135.32840515885496,122.98405158854986,119.8025479710601,123.12437873545139,136.32516514627235,109.58924189996854,107.64318968229001,127.98762975778543
Pho Prathap Chang,TH6603,2014,128.52370418564306,100.73502494036005,120.28371286055085,118.64075037952728,122.52218607677295,124.90188679245283,62.26391238343095,39.881869442637175,102.21913088267192,169.69963131641737,136.4450444589027,121.14012144870966,118.64075037952728,122.52218607677295,133.87503795272175,111.52830188679246,106.24042507048367,127.51143732379099
Taphan Hin,TH6604,2014,128.23951866062092,105.6864492500872,121.91121381234738,119.8632717125916,123.27162539239625,123.65390652249741,68.29387861876526,46.32389257063132,104.65546956749216,171.01682943843747,137.48383327520054,122.76395186606211,119.8632717125916,123.27162539239625,134.5838332752006,110.74168119986048,107.85231949773286,128.44716820718523
Bang Mun Nak,TH6605,2014,123.17774660047486,104.01241096481758,113.56671703000215,120.14824088063888,123.31150442477875,121.43861428879772,59.58465357219943,40.19430174832722,100.67927368875453,171.1654219728038,137.8526872436866,122.27552341895101,120.14824088063888,123.31150442477875,134.293654219728,110.79630908698465,109.91126699762572,128.7193260306497
Pho Thale,TH6606,2014,121.5517437009845,103.17084932421159,113.10033372267647,119.34263307191728,122.59452694810611,124.01618554980811,57.669998331386616,37.125963624228255,99.82152928416488,172.4609711329885,139.37690639078926,122.86335725012513,119.34263307191728,122.59452694810611,133.70258635074248,111.61401635241116,107.82629734690477,128.7226618554981
Sam Ngam,TH6607,2014,131.96979328739724,98.49324294287622,120.15716825961327,118.11391420315626,122.6336074683263,125.39264280951325,64.27328295176707,41.47526116914871,102.81361413647478,169.8297843965326,136.59455434541013,120.33345187819516,118.11391420315626,122.6336074683263,134.2325850188931,112.31286952656146,105.36316959324294,127.42674205378975
Tap Khlo,TH6608,2014,136.3158097947572,114.49335500914451,123.18687258687262,120.43070514123148,123.20325137167248,122.89682991261941,71.3039016460069,46.713208697419226,107.31799176996543,169.0746189798822,136.0770981507824,123.32586872586876,120.43070514123148,123.20325137167248,134.4715708189393,109.16163381426544,109.2746393009551,128.12742328794965
Sak Lek,TH6609,2014,137.4650722021661,112.62599277978342,122.60658844765346,119.58668772563178,123.149142599278,122.0818592057762,68.9092057761733,17.909566787003612,103.04176444043323,169.21475631768956,134.5922833935018,122.60658844765346,119.58668772563178,123.149142599278,136.52897111913362,111.19305054151629,105.60523465703972,127.80958935018052
Bueng Na Rang,TH6610,2014,126.0610778443114,102.67874251497007,115.71428960261296,118.78293413173658,122.12670114316823,125.81091453456727,57.63358737071314,36.16208492106696,100.62129150789333,169.33091997822544,136.64572672836147,121.0865541643985,118.78293413173658,122.12670114316823,132.79178007621124,111.66575939031033,106.51581382689167,127.36827367991293
Dong Charoen,TH6611,2014,131.5277224067922,112.39509043927654,119.84234034699155,120.89258028792916,123.13761535622002,121.26600221483947,66.19656699889259,47.93045404208196,105.39854651162796,169.5062015503876,136.43960871170174,123.29597637504617,120.89258028792916,123.13761535622002,133.80812107788856,108.97895902547067,111.10933923957185,128.396050203027
Wachirabarami,TH6612,2014,135.72448344183414,98.97814888197,119.69150863288992,118.08881969997171,122.64191904896693,125.32020945372206,63.41457684687238,41.218709312199266,103.1347969148033,168.7834701386924,135.756269459383,119.69150863288992,118.08881969997171,122.64191904896693,134.08635720350978,112.07158222473821,105.26416643079541,127.0480116048684
Mueang Nakhon Pathom,TH7301,2014,83.50987012987014,93.98095238095237,83.32233766233767,116.65523809523808,116.39506493506492,123.41896103896104,60.0382683982684,43.73887445887447,90.1324458874459,158.73177489177493,124.62848484848486,115.73229437229439,116.65523809523808,116.39506493506492,123.41896103896104,107.65748917748918,115.36744588744591,122.32334415584415
Kamphaeng Saen,TH7302,2014,84.84846361185984,87.42153638814014,79.9487331536388,115.40210242587604,116.06212938005392,123.69814016172508,56.160754716981145,40.06584905660378,87.95096361185986,158.3168194070081,124.36231805929918,115.0921293800539,115.62525606469005,116.06212938005392,123.69814016172508,108.05312668463613,113.93663072776283,121.89331873315363
Nakhon Chai Si,TH7303,2014,83.8056603773585,99.41295597484277,87.26830188679249,120.47672955974842,117.94647798742142,124.11408805031448,62.28006289308177,47.65987421383648,92.87051886792453,160.764213836478,128.07849056603774,118.78440251572326,120.47672955974842,117.94647798742142,124.11408805031448,110.37572327044028,115.99289308176103,124.56662735849058
Don Tum,TH7304,2014,85.60081135902637,93.74259634888439,83.79604462474644,117.99046653144016,117.25557809330628,123.77687626774846,57.498377281947256,43.1315415821501,90.34903651115619,159.69168356997972,126.72860040567953,117.29432048681542,117.99046653144016,117.25557809330628,123.77687626774846,108.39259634888438,115.3995943204868,123.31621450304259
Bang Len,TH7305,2014,84.00222950819672,91.8592349726776,82.11455737704918,118.92561748633881,117.81846994535518,123.83143169398909,56.10570491803278,42.556349726775956,89.65169945355191,160.2190163934426,127.95025136612021,118.35866666666664,118.92561748633881,117.81846994535518,123.83143169398909,108.48017486338797,113.5214426229508,123.6381338797814
Sam Phran,TH7306,2014,83.03023648648649,103.80810810810812,88.78707770270273,122.13978040540542,118.63699324324327,124.70016891891896,67.20895270270272,50.85515202702704,94.89580869932433,161.79839527027028,128.00278716216218,119.58471283783786,122.13978040540542,118.63699324324327,124.70016891891896,111.30912162162161,118.41993243243247,125.57398648648652
Phutthamonthon,TH7307,2014,84.23859964093357,102.35745062836624,88.6779174147217,121.6125673249551,118.32908438061041,124.42172351885097,64.45350089766607,50.27612208258528,94.29587073608617,160.91526032315977,128.44380610412924,119.54901256732494,121.6125673249551,118.32908438061041,124.42172351885097,111.10933572710952,116.23770197486536,125.07731149012568
Mueang Krabi,TH8101,2014,,,,,,,,,,,,,,,,,,
Khao Phanom,TH8102,2014,,,,,,,,,,,,,,,,,,
Ko Lanta,TH8103,2014,,,,,,,,,,,,,,,,,,
Khlong Thom,TH8104,2014,,,,,,,,,,,,,,,,,,
Ao Luek,TH8105,2014,,,,,,,,,,,,,,,,,,
Plai Phraya,TH8106,2014,,,,,,,,,,,,,,,,,,
Lam Thap,TH8107,2014,,,,,,,,,,,,,,,,,,
Nuea Khlong,TH8108,2014,,,,,,,,,,,,,,,,,,
Mueang Phuket,TH8301,2014,,,,,,,,,,,,,,,,,,
Kathu,TH8302,2014,,,,,,,,,,,,,,,,,,
Thalang,TH8303,2014,,,,,,,,,,,,,,,,,,
Mueang Phatthalung,TH9301,2014,143.57157769161944,114.22257679689832,100.15735162541009,135.68980017894424,100.53247837757232,127.62394870265433,105.85377274082911,106.35920071577695,116.75133835371311,144.61667163733972,129.32305398150908,143.3767074261855,135.68980017894424,130.27262153295558,127.62394870265433,105.85377274082911,106.35920071577695,127.88947211452432
Kong Ra,TH9302,2014,143.02960526315792,119.17828947368422,106.9967105263158,133.46710526315792,108.33684210526319,127.34802631578947,105.56315789473685,106.61842105263159,118.81726973684214,143.02960526315792,127.4,140.93684210526317,133.46710526315792,128.4151315789474,127.34802631578947,105.56315789473685,106.61842105263159,126.59728618421053
Khao Chaison,TH9303,2014,142.2330708661417,109.26181102362204,95.83715551181103,134.3872539370079,98.68129921259843,127.82893700787403,105.72524606299214,106.38946850393702,115.04303026574806,144.14950787401577,128.57431102362207,143.2845472440945,134.3872539370079,129.22790354330712,127.82893700787403,105.72524606299214,106.38946850393702,127.44589689960631
Tamot,TH9304,2014,141.1,115.80000000000001,104.30000000000001,131.20000000000002,107.4,125.60000000000001,103.30000000000001,105.7,116.80000000000001,141.1,124.80000000000001,139.6,131.20000000000002,125.4,125.60000000000001,103.30000000000001,105.7,124.5875
Khuan Khanun,TH9305,2014,144.81963969285295,116.64323685764916,103.11432368576494,134.31742468989958,101.67835203780274,127.31574128765509,105.94855286473715,106.05132900177202,117.4860750147667,144.98044890726524,129.5592439456586,143.3359421145895,134.31742468989958,129.68213230950977,127.31574128765509,105.94855286473715,106.05132900177202,127.64885189013586
Pak Phayun,TH9306,2014,137.89268292682928,93.24490306441527,81.57936210131334,132.33758599124457,82.72570356472797,125.4295809881176,103.82176360225144,104.60913070669172,107.7050891181989,143.01375859912446,126.10206378986871,141.91063164477802,132.33758599124457,128.2010631644778,125.4295809881176,103.82176360225144,104.60913070669172,125.67819731081929
Si Banphot,TH9307,2014,143.6,123.80000000000001,111.10000000000001,132.5,109.80000000000001,127.5,105.9,107.10000000000001,120.1625,143.6,127.0,140.20000000000002,132.5,128.3,127.5,105.9,107.10000000000001,126.51250000000002
Pa Bon,TH9308,2014,140.4293859649123,102.98311403508774,92.53179824561403,129.55460526315792,97.00526315789475,123.76008771929826,102.48135964912281,105.09144736842107,111.72963267543861,140.4293859649123,124.08333333333333,138.50745614035088,129.55460526315792,125.9592105263158,123.76008771929826,102.48135964912281,105.09144736842107,123.73336074561405
Bang Kaeo,TH9309,2014,139.76463595839522,100.46924219910846,87.79465081723625,133.85319465081724,90.12065378900446,127.23150074294202,105.74962852897474,106.38751857355123,111.4213781575037,143.9980683506686,128.35913818722136,144.03833580980682,133.85319465081724,128.80624071322435,127.23150074294202,105.74962852897474,106.38751857355123,127.30295319465081
Pa Phayom,TH9310,2014,146.35131578947372,120.14572368421054,106.8858552631579,136.48848684210526,106.82006578947369,127.34572368421053,106.65427631578947,106.83717105263159,119.6910773026316,146.35131578947372,130.48848684210526,145.77401315789476,136.48848684210526,130.25723684210527,127.34572368421053,106.65427631578947,106.83717105263159,128.77458881578946
Srinagarindra,TH9311,2014,143.19133858267716,124.14055118110238,110.89566929133859,132.0913385826772,110.0724409448819,127.43188976377954,105.9,107.16811023622047,120.11141732283465,143.19133858267716,126.65944881889763,139.92755905511814,132.0913385826772,128.0956692913386,127.43188976377954,105.9,107.16811023622047,126.3081692913386
Mueang Lop Buri,TH1601,2014,106.16703969225385,103.28223465640843,95.77405140758871,121.76287812554642,121.0660954712362,120.63329253365971,62.57803811855219,48.520930232558136,97.47307002972546,166.15074313691207,133.49421227487323,125.04927434866234,121.76287812554642,121.0660954712362,127.98963105438011,106.3511627906977,114.77436614792795,127.07979541877948
Phatthana Nikhom,TH1602,2014,128.3267059231035,104.4959819882231,100.30623484586079,122.46795981988225,121.27351345110262,120.13798637570717,67.64052649809491,56.332028634106905,102.62261719201017,166.96756725551327,133.90290959473498,125.23033137051154,122.46795981988225,121.27351345110262,128.44118462071359,104.59134049186005,114.94829696339914,127.22788794596465
Khok Samrong,TH1603,2014,109.04857621440537,94.33048576214405,89.27022613065328,122.03041596873254,122.06144611948632,116.72681462869906,58.24110831937464,40.077289223897274,93.97329529592406,167.77185929648246,135.156225572306,124.43072305974316,122.03041596873254,122.06144611948632,129.8262423227247,106.95517867113345,116.74405360134003,128.1220180764936
Chai Badan,TH1604,2014,143.77812500000002,114.20282196969697,114.96145833333337,123.00921401515156,122.60000946969701,120.6274242424243,69.82853219696972,58.672035984848506,108.45995265151517,168.74317234848488,135.59962121212126,126.50832386363642,123.00921401515156,122.60000946969701,130.5752178030304,103.95727272727278,114.41973484848494,128.1765707859849
Tha Wung,TH1605,2014,92.57374282821466,91.9549443131961,86.67451906851164,121.52426594667567,121.53749578130277,121.03790077624035,55.799561255484306,33.69294633817078,90.59942203847451,166.5422544718191,134.0091461356733,124.27296658791765,121.52426594667567,121.53749578130277,128.81721228484645,107.02946338170774,113.85052311846106,127.19791596355047
Ban Mi,TH1606,2014,92.80563547382471,86.16212368382025,84.73310099362303,121.4838202580454,122.24145039300012,117.62022838499185,52.93584457956398,25.752751001038114,87.96686934598843,168.98843244846503,135.17779919916953,124.00361856740324,121.4838202580454,122.24145039300012,130.9052647189678,107.33769835384845,115.24179148746846,128.17248442829603
Tha Luang,TH1607,2014,140.21765611257695,103.2052110817942,100.86119173262976,123.11717238346532,121.93746701846973,120.1270888302551,68.97434036939315,57.37445030782764,104.47682222955147,167.66051011433598,134.9688874230431,125.99934036939315,123.11717238346532,121.93746701846973,129.3166226912929,102.56772207563768,113.4165347405453,127.37303210202292
Sa Bot,TH1608,2014,121.2934036144578,102.21518072289156,99.73792168674697,121.92659638554215,122.40355421686745,117.51897590361447,61.435331325301206,48.06162650602408,99.32407379518071,168.26036144578313,135.58831325301202,124.80376506024095,121.92659638554215,122.40355421686745,130.53102409638555,106.21159638554215,115.60831325301206,128.16669051204815
Khok Charoen,TH1609,2014,127.87031988367868,111.42938931297712,110.0051254089422,121.76952017448204,121.76292257360961,118.95514358415126,64.27533624136677,50.32642675390768,103.2992729916394,168.48833151581246,135.67210105416217,124.6021810250818,121.76952017448204,121.76292257360961,131.09345692475466,106.36572155579795,113.66808433296988,127.92778989458377
Lam Sonthi,TH1610,2014,154.7120114942529,120.73876436781612,120.22189655172414,123.66991379310346,123.26459770114941,120.57425287356324,71.64241379310346,59.19390804597701,111.75221982758622,169.3225287356322,136.58683908045978,127.84649425287357,123.66991379310346,123.26459770114941,131.06169540229885,104.55137931034483,114.71390804597702,128.8771695402299
Nong Muang,TH1611,2014,111.58246233959457,98.0627301469221,94.38229496001487,121.02228008183002,121.13557745954999,117.39616886739819,57.733847870559785,37.98279709875396,94.91226985307793,167.79605728101168,135.123972475358,123.41519434628974,121.02228008183002,121.13557745954999,130.0779244932118,106.74028268551238,113.10639761949042,127.30221080528173
Mueang Chai Nat,TH1801,2014,90.29401888772301,91.18793284365167,87.11371108779296,118.97313746065063,121.4543196922001,127.96586218957681,48.29429870584123,25.401364113326352,88.83558062259534,167.82423924449114,134.38712836656177,120.62367960825468,118.97313746065063,121.4543196922001,130.9228401539,110.20482686253936,112.51168240643588,127.11273172437919
Manorom,TH1802,2014,95.55552560646903,100.7885107816712,94.66664420485178,119.69902291105126,121.55333557951482,126.304615902965,50.278605121293815,27.694474393531,92.06759181266848,168.14545148247984,135.345013477089,121.17136118598384,119.69902291105126,121.55333557951482,131.40454851752023,111.14127358490569,113.33062668463613,127.7238291778976
Wat Sing,TH1803,2014,99.84807007125892,97.85436460807603,88.29127078384799,117.71728028503567,120.76929928741096,130.14637767220904,53.23292755344419,34.759560570071265,92.82739385391923,166.03218527315912,132.86751781472685,118.88960807600955,117.71728028503567,120.76929928741096,130.14637767220904,111.53782660332541,113.57654394299293,126.44207986935868
Sapphaya,TH1804,2014,83.46105999263892,82.50688259109312,82.69731321310267,120.00883327199118,121.7548030916452,122.64192123665809,44.03945528156055,18.747552447552447,84.48222764078025,168.37085020242915,134.66367316893633,121.89429517850567,120.00883327199118,121.7548030916452,131.33687891056312,109.67659182922341,113.45679057784321,127.64533952889212
Sankhaburi,TH1805,2014,84.10235264356186,78.74657222362762,75.99157601821403,119.14042499367571,120.96605110043006,128.00576777131295,44.908221603845185,19.57558816089046,83.92956931444476,167.11995952441188,133.70480647609415,120.3577283076145,119.14042499367571,120.96605110043006,130.16653174803946,109.4173286111814,112.32372881355938,126.64956994687584
Hankha,TH1806,2014,93.21209090909093,84.40168181818183,76.61507575757575,117.07418181818186,119.55807575757579,129.5495606060606,51.62245454545454,30.107636363636367,87.7675946969697,165.35630303030305,131.58412121212123,118.07153030303033,117.07418181818186,119.55807575757579,129.5496515151515,111.30112121212126,113.67957575757582,125.7718200757576
Nong Mamong,TH1807,2014,105.73538882138517,99.32041312272175,87.10264277035238,116.0809538274605,119.71175577156744,129.44425880923447,58.41394289185905,39.98317132442285,94.47406591737547,165.68912515188336,131.41698055893073,117.15315917375455,116.0809538274605,119.71175577156744,129.44425880923447,111.77828068043745,112.07849331713243,125.41912591130013
Noen Kham,TH1808,2014,95.42708198837961,84.6051969012266,75.17169141381538,115.9926404131698,118.47023886378312,128.34635248547454,56.394351194318936,35.3082956746288,88.71448111684961,163.84138153647518,129.43515171078118,116.0932214331827,115.9926404131698,118.47023886378312,128.34635248547454,112.14632020658493,113.82052937378954,124.76822950290513
Mueang Chon Buri,TH2001,2014,,,,,,,,,,,,,,,,,,
Ban Bueng,TH2002,2014,105.43584284460053,118.3465320456541,95.38505267778753,128.00687006145742,121.05719929762952,125.44624670763831,83.63272607550483,72.3380377524144,106.20606343283583,159.67291483757683,126.74910008779634,120.88733538191391,128.00687006145742,121.05719929762952,125.44624670763831,110.8688762071993,121.9701712028095,126.83233922300268
Nong Yai,TH2003,2014,112.1098376313276,121.40998089780327,102.08051575931235,124.96962750716334,119.80405921680996,124.11466093600767,82.12612225405924,70.66122254059218,107.15950334288445,156.5583572110793,124.16709646609362,117.47521489971348,124.96962750716334,119.80405921680996,124.11466093600767,107.45181470869153,118.91346704871061,124.18178724928369
Bang Lamung,TH2004,2014,98.35221712538228,112.81303516819574,79.63948776758413,118.92370030581043,122.15451070336394,125.80225535168196,96.66735474006119,83.29541284403672,104.70599675076453,160.32587920489297,127.28707951070336,120.51150611620795,128.64980886850154,122.15451070336394,125.80225535168196,115.3251911314985,125.85684250764528,128.23913417431194
Phan Thong,TH2005,2014,101.68193979933112,120.9321070234114,100.02909698996658,132.12040133779266,123.68060200668899,128.04682274247497,84.78394648829432,73.69665551839466,108.12144648829434,163.79866220735792,131.809364548495,125.2913043478261,132.12040133779266,123.68060200668899,128.04682274247497,116.62775919732441,127.49565217391307,131.10882107023414
Phanat Nikhom,TH2006,2014,106.0896229455366,125.65858846277791,106.50908797937481,129.55091846600064,122.08179181437319,126.59155655816953,82.75932968095393,73.23055107960039,109.0589308733484,161.20367386400264,128.63880116016756,123.2799226554947,129.55091846600064,122.08179181437319,126.59155655816953,111.3030937802127,122.18391878826944,128.10420963583627
Si Racha,TH2007,2014,99.20610687022904,111.65038167938931,84.58702290076339,128.55877862595423,121.90610687022901,126.45038167938934,89.2404580152672,77.10763358778628,104.83835877862597,161.0358778625954,127.9969465648855,121.08625954198475,129.12366412213743,121.90610687022901,126.45038167938934,115.33664122137407,126.16335877862599,128.6374045801527
Ko Si Chang,TH2008,2014,,,,,,,,,,,,,,,,,,
Sattahip,TH2009,2014,97.14828244274811,114.92767175572521,77.52652671755726,111.21965648854963,122.90000000000002,127.16259541984735,103.02576335877865,85.59847328244275,104.93862118320612,160.8299618320611,127.73129770992368,121.68721374045803,129.743893129771,122.90000000000002,127.16259541984735,117.5759541984733,129.28110687022902,129.61400286259544
Bo Thong,TH2010,2014,115.31435299950421,124.53720872583042,113.43634110064454,125.35173525037186,120.20803173029255,124.47813584531484,82.2493306891423,71.93693604362915,109.68900904809125,157.0989836390679,124.58547347545861,118.33978681209719,125.35173525037186,120.20803173029255,124.47813584531484,106.85577590480912,117.42426871591472,124.29277392166586
Ko Chan,TH2011,2014,112.04043478260874,126.06192028985507,112.81206521739134,126.7345652173913,120.74478260869567,125.20865942028988,81.6183695652174,71.84373188405799,109.63306612318844,158.32572463768122,126.06192028985507,120.20496376811595,126.7345652173913,120.74478260869567,125.20865942028988,107.58764492753626,118.45192028985508,125.41502264492755
Mueang Bueng Kan,TH3801,2014,160.45729123390117,127.89651017864561,113.62447029497304,123.99011217282928,114.17723307021193,93.53456584960536,65.47378479434983,44.940008309098474,105.51174698795184,160.45729123390117,127.89651017864561,113.62447029497304,123.99011217282928,114.17723307021193,127.51549646863316,92.18259243872043,86.44275031159123,118.28580702118825
Phon Charoen,TH3802,2014,160.8541254125413,129.79953795379544,116.01425742574258,126.68000000000002,115.43610561056106,93.45947194719474,61.438481848184814,43.35412541254125,105.87951320132015,161.05795379537958,129.79953795379544,116.01425742574258,126.68000000000002,115.43610561056106,129.9674587458746,95.3386798679868,91.93089108910891,120.77811056105614
So Phisai,TH3803,2014,159.50857052498424,130.05056925996206,115.55341555977226,125.11691967109424,113.99269449715369,93.75268817204301,62.82179000632511,42.88523086654017,105.46023481973434,159.50857052498424,130.05056925996206,115.55341555977226,125.11691967109424,113.99269449715369,128.73981657179002,95.03001265022141,89.8517394054396,119.73046726755219
Seka,TH3804,2014,151.83959610530115,129.51918499819695,116.14691669671839,127.6445726649838,117.52437793003968,92.63956004327446,60.75109989181396,46.11456905878112,105.2724846736387,163.1014424810675,129.51918499819695,116.14691669671839,127.6445726649838,117.52437793003968,130.97050126217098,96.6294626758024,95.36963577353052,122.11326181031377
Pak Khat,TH3805,2014,159.4199695121951,128.73597560975608,113.85099085365854,123.16897865853659,112.53521341463414,94.07751524390245,65.5498475609756,44.45533536585366,105.224228277439,159.4199695121951,128.73597560975608,113.85099085365854,123.16897865853659,112.53521341463414,127.81928353658537,94.0907774390244,87.2999237804878,118.36513910060975
Bueng Khong Long,TH3806,2014,158.78921001926787,127.54759152215802,114.41753371868981,127.05131663455363,116.56525369299936,91.48779704560052,60.67790622992936,46.43673731535003,105.37166827231857,162.50847784200386,127.54759152215802,114.41753371868981,127.05131663455363,116.56525369299936,129.56114322414902,95.00321130378936,93.50597302504818,120.77006262042393
Si Wilai,TH3807,2014,161.41289308176104,129.30880503144652,115.33553459119497,125.80283018867925,115.12264150943396,92.98616352201257,62.85754716981132,45.23364779874214,106.00750786163525,161.41289308176104,129.30880503144652,115.33553459119497,125.80283018867925,115.12264150943396,129.03459119496856,93.64150943396226,90.26320754716981,119.99025157232705
Bung Khla,TH3808,2014,161.53240740740742,127.10277777777779,113.10000000000001,125.60277777777779,116.42345679012347,91.15586419753087,61.72345679012347,44.83518518518519,105.18449074074076,161.53240740740742,127.10277777777779,113.10000000000001,125.60277777777779,116.42345679012347,127.29104938271607,91.70555555555556,87.8172839506173,118.82191358024694
Mueang Sakon Nakhon,TH4701,2014,105.78918610547672,131.96713995943205,119.98686612576067,129.77425202839763,122.32138691683573,93.31580882352941,58.48902129817446,46.529525862068965,101.02164838995941,168.94599391480733,131.96713995943205,119.98686612576067,129.77425202839763,122.32138691683573,136.61042089249497,106.44959432048684,113.19792089249495,128.65669688133877
Kusuman,TH4702,2014,109.07109657039713,131.201511732852,118.21854693140794,128.97093862815885,121.0608303249098,91.41592960288808,59.59372743682311,49.501872743682306,101.1293067463899,168.1622518050542,131.201511732852,118.21854693140794,128.97093862815885,121.0608303249098,134.56974277978335,105.58174638989173,112.74927797833936,127.56435582129964
Kut Bak,TH4703,2014,107.80069984447903,131.67111197511664,120.54191290824264,129.45921461897356,121.69027993779164,94.60832037325038,59.35509331259721,45.56003110419907,101.33583300933128,168.82515552099537,131.67111197511664,120.54191290824264,129.45921461897356,121.69027993779164,136.71842923794713,106.46026438569207,111.71640746500779,128.38534700622083
Phanna Nikhom,TH4704,2014,112.14525227201501,132.32969288624253,118.88470698840486,129.52856471325603,120.7641491695393,93.03729238483233,57.64942024443748,44.43442494515825,101.09668795048576,167.63133813851456,132.32969288624253,118.88470698840486,129.52856471325603,120.7641491695393,135.54257286117206,103.36341272328423,108.43533375117516,127.0599714039486
Phang Khon,TH4705,2014,116.53899838449118,133.71525040387723,119.2740226171244,129.36022617124397,120.23486268174479,93.88720516962843,57.885072697899865,42.84071082390954,101.71704361873995,167.29689822294029,133.71525040387723,119.2740226171244,129.36022617124397,120.23486268174479,135.68613893376414,103.98342487883684,108.444620355412,127.24943053311799
Waritchaphum,TH4706,2014,113.84098645362972,133.4431052448767,119.87655435915246,128.86773185133725,120.11785342132683,94.53410906564778,58.668009725599156,43.10173671413684,101.55626085446333,167.4530045154567,133.4431052448767,119.87655435915246,128.86773185133725,120.11785342132683,135.68662730114622,104.82987148315385,108.4709621396318,127.34321378951022
Nikhom Nam Un,TH4707,2014,109.69587217043943,131.24580559254326,119.31904127829563,129.25233022636485,120.82623169107858,94.27017310252998,58.79014647137152,44.58308921438082,100.99783621837551,167.80545938748338,131.24580559254326,119.31904127829563,129.25233022636485,120.82623169107858,135.91358189081225,104.76085219707059,108.94447403462054,127.25847203728368
Wanon Niwat,TH4708,2014,131.59686187299235,132.93335804299477,118.07772012190097,128.48256321555058,117.78721686846224,93.41840046124699,58.822938802405076,43.346618894654476,103.05820978502594,165.5888229964583,132.93335804299477,118.07772012190097,128.48256321555058,117.78721686846224,133.67593278972078,101.68323037641052,104.58351041924055,125.35154435384234
Kham Ta Kla,TH4709,2014,143.76456489675522,130.64863569321534,117.05084808259586,127.61275811209441,116.82747050147493,93.1278761061947,59.94546460176992,44.7686209439528,104.21827986725664,163.00936578171095,130.64863569321534,117.05084808259586,127.61275811209441,116.82747050147493,132.1130899705015,98.75851769911506,99.1759587020649,123.14958056784661
Ban Muang,TH4710,2014,151.22369001654712,131.52151130722564,117.30620518477662,127.05886651958083,115.39260893546609,93.75463320463321,59.79857970215114,40.94357418643132,104.62495863210152,161.69535300606725,131.52151130722564,117.30620518477662,127.05886651958083,115.39260893546609,131.25740485383344,98.44553226696083,96.08519029233315,122.3453340457805
Akat Amnuai,TH4711,2014,130.94914405010442,131.42018789144055,117.60206680584552,129.07795407098124,119.5687682672234,93.2370772442589,59.271524008350745,46.70231732776619,103.47862995824636,165.71885177453026,131.42018789144055,117.60206680584552,129.07795407098124,119.5687682672234,134.59369519832984,100.95494780793321,104.92112734864303,125.48219989561588
Sawang Daen Din,TH4712,2014,123.61874659400539,133.96333333333328,119.5228701180744,128.46000908265208,118.46676657584015,94.70975476839232,57.59805631244321,33.772288828337864,101.26397820163486,165.52379654859214,133.96333333333328,119.5228701180744,128.46000908265208,118.46676657584015,134.18873751135328,103.99226158038145,106.59020890099904,126.33849795640324
Song Dao,TH4713,2014,116.66037431429494,133.23688286544044,119.6055824459503,127.88541464988707,119.03610842207165,94.22558889964505,58.762020006453696,41.01655372700871,101.303565666344,166.70045175863183,133.23688286544044,119.6055824459503,127.88541464988707,119.03610842207165,133.441142303969,104.47686350435625,107.6345918038077,126.50212971926429
Tao Ngoi,TH4714,2014,101.28180094786732,131.21819905213272,120.72189573459718,129.4132701421801,122.63630331753556,93.57924170616117,58.438957345971566,45.856872037914705,100.39331753554502,169.29611374407585,131.21819905213272,120.72189573459718,129.4132701421801,122.63630331753556,136.3301421800948,107.4514691943128,113.41421800947867,128.81020142180097
Khok Si Suphan,TH4715,2014,96.25515929624349,131.97917261055633,120.70133143128864,129.87009034712315,123.00989063242987,92.91745126010463,58.26424155967666,47.055064194008565,100.00655016642894,169.55977175463627,131.97917261055633,120.70133143128864,129.87009034712315,123.00989063242987,136.3406086543034,107.44246314788398,115.17831669044224,129.260205658583
Charoen Sin,TH4716,2014,133.68297872340423,133.96732236049777,118.45260939381775,127.99925732637493,116.91561621838618,94.31499397832195,58.10447611401044,38.02713769570453,102.68304897631472,164.87884383781616,133.96732236049777,118.45260939381775,127.99925732637493,116.91561621838618,133.63287836210355,102.2700722601365,104.54088719389803,125.33218586912884
Phon Na Kaeo,TH4717,2014,99.22567967698521,131.33464333781967,119.15111709286677,129.3884791386272,121.5422880215343,90.54667563930015,59.22368775235531,49.41173620457605,99.97803835800806,169.2148855989233,131.33464333781967,119.15111709286677,129.3884791386272,121.5422880215343,133.48901749663526,106.52982503364738,114.79687752355316,128.18089165545086
Phu Phan,TH4718,2014,106.50778357854772,131.06563834836263,120.39435215946845,128.75529188419557,121.35087802562887,94.07688656858093,60.15889890840058,47.68030374940674,101.24875415282392,168.18728049359285,131.06563834836263,120.39435215946845,128.75529188419557,121.35087802562887,135.59928808732795,107.0889890840057,112.68936877076415,128.14138585666825
Mueang Nakhon Phanom,TH4801,2014,109.06812732534104,128.21258784621745,116.92511368334023,129.13753617197187,120.71661843737078,89.71023150062011,58.76816866473749,50.012691194708566,100.31888435303843,167.75589086399336,128.21258784621745,116.92511368334023,129.13753617197187,120.71661843737078,132.9823894171145,104.49944191814797,110.44204216618436,126.33395256304259
Pla Pak,TH4802,2014,99.09224489795919,129.89314995563444,118.25923691215618,129.27716060337178,121.38775510204084,90.21714285714283,59.090275066548365,49.8540727595386,99.63387976929907,169.08984915705412,129.89314995563444,118.25923691215618,129.27716060337178,121.38775510204084,133.62894409937888,106.56420585625557,113.82196983141084,127.74028393966283
Tha Uthen,TH4803,2014,136.63082706766917,128.5872180451128,115.72694235588972,129.01817042606518,119.4389724310777,90.17147034252295,57.96081871345029,48.45743525480366,103.24898182957395,165.98642439431913,128.5872180451128,115.72694235588972,129.01817042606518,119.4389724310777,131.73550543024226,98.41382623224729,102.46357560568089,123.92132936507936
Ban Phaeng,TH4804,2014,156.68737437185925,127.67945979899497,114.30659547738692,127.4325376884422,117.41733668341706,90.76249999999999,59.96909547738692,46.11011306532663,105.04562657035176,163.62179648241207,127.67945979899497,114.30659547738692,127.4325376884422,117.41733668341706,129.7565326633166,96.09459798994975,94.96758793969848,121.40955559045226
That Phanom,TH4805,2014,91.75046280425096,129.2567020911896,119.57689406924924,130.4743914981145,122.84168666438123,91.31350702776825,58.652245457662,49.939252656839216,99.22564278368186,169.40181693520742,129.2567020911896,119.57689406924924,130.4743914981145,122.84168666438123,135.67967089475488,107.50071991772371,115.09742886527255,128.72866386698664
Renu Nakhon,TH4806,2014,94.07424765663545,129.4404045387272,119.14035520473605,130.29911198815984,122.84370991613223,91.76783423778983,58.33009373458314,49.315096201282685,99.40135668475578,168.61386285150468,129.4404045387272,119.14035520473605,130.29911198815984,122.84370991613223,136.3569314257523,107.34410458806119,115.11406018746918,128.64406758756786
Na Kae,TH4807,2014,91.75532557136695,130.9265200517464,120.5164294954722,130.2015308322553,123.12800776196637,92.6686071582579,58.40722294092281,48.4375808538163,99.50515308322554,169.2836998706339,130.9265200517464,120.5164294954722,130.2015308322553,123.12800776196637,136.8032557136697,107.91701164294953,116.09896507115133,129.3594275549806
Si Songkhram,TH4808,2014,136.93962714068934,129.49729026663775,116.2896379796228,128.83550834597872,119.71656189030996,91.9868848905268,58.85209191415566,47.855928896596566,103.7466914155647,165.96793843485796,129.49729026663775,116.2896379796228,128.83550834597872,119.71656189030996,133.7422068068502,99.50932148276608,103.24786473011052,124.60079124214178
Na Wa,TH4809,2014,121.59159738717341,131.0976543942993,117.904364608076,129.31938836104516,120.37348574821854,92.70816508313538,58.43040380047506,47.22883016627078,102.33173619358672,166.74174584323043,131.0976543942993,117.904364608076,129.31938836104516,120.37348574821854,135.29943586698337,102.1934679334917,107.8680522565321,126.34969937648455
Phon Sawan,TH4810,2014,122.29271948608137,129.04909480241386,116.69322561806503,128.85000973330736,119.84691454156123,90.42520926610864,59.27790539225231,50.1249172668873,102.06999951333464,166.9076893128285,129.04909480241386,116.69322561806503,128.85000973330736,119.84691454156123,132.98559470508079,102.51627408993578,107.83309324508471,125.58523700603463
Na Thom,TH4811,2014,143.42276490066223,129.23278145695366,116.19718543046358,128.51382450331127,118.4310430463576,92.4951986754967,59.88708609271523,46.6942880794702,104.3592715231788,164.15976821192058,129.23278145695366,116.19718543046358,128.51382450331127,118.4310430463576,132.30827814569537,97.57740066225165,97.50115894039735,122.99018004966888
Wang Yang,TH4812,2014,94.5112087912088,131.74093406593406,119.82587912087912,129.60065934065935,122.38087912087913,91.64653846153847,58.53846153846153,49.13406593406592,99.6723282967033,169.29516483516483,131.74093406593406,119.82587912087912,129.60065934065935,122.38087912087913,135.2198351648352,107.40813186813187,117.4098901098901,129.11017170329671
Mueang Sukhothai,TH6401,2014,164.3462796129463,91.85031698365032,114.39401067734403,114.62177177177178,121.80038371705038,133.01901901901903,61.42999666333,37.888188188188195,104.91874582916252,166.74172505839172,133.46234567901234,115.78206539873207,114.62177177177178,121.80038371705038,133.6671838505172,110.84576242909577,100.90498832165501,124.72827827827828
Ban Dan Lan Hoi,TH6402,2014,163.59515125199022,83.25566652192796,107.15963236358374,113.46286003763211,119.96558112606748,131.7983499782892,63.687957736286016,38.03656100738167,102.62022000289475,164.29499203936894,130.77839050513825,113.80872774641773,113.46286003763211,119.96558112606748,131.7983499782892,108.95987841945298,98.73544651903316,122.72552829642498
Khiri Mat,TH6403,2014,156.51060788703293,96.76543826416399,115.564301704839,114.94420526950236,121.13495780954024,132.6255898054073,62.48286550714655,39.773428620630284,104.9751743585328,165.65916996728092,132.6785431375926,115.56585155846393,114.94420526950236,121.13495780954024,132.68372653693822,110.31561908042016,101.14131220940247,124.26542319614259
Kong Krailat,TH6404,2014,156.06330948795184,95.82266566265062,118.13507153614455,115.80404743975903,122.65220256024098,128.4908885542169,61.524416415662685,39.10376506024098,104.69954583960843,169.07908509036145,135.26169051204823,118.16820406626505,115.80404743975903,122.65220256024098,134.3327560240964,110.51250000000003,100.74150978915667,125.818999435241
Si Satchanalai,TH6405,2014,165.90799598047664,86.89018087855298,114.94431524547804,114.2037180591444,121.88166810221075,126.4889463106517,63.16291989664082,38.93952052828023,104.05240812517948,165.90799598047664,132.91399655469425,116.38158196956645,114.2037180591444,121.88166810221075,132.94431524547804,107.89849267872526,96.4925782371519,123.57804335343093
Si Samrong,TH6406,2014,165.8595577538551,85.52199592668028,109.94845795752111,114.0490253127728,121.33991853360492,131.44256619144608,59.99218795461159,35.920308408495785,103.00925225487347,166.1531277276695,132.69938900203667,114.86088158277566,114.0490253127728,121.33991853360492,133.18622345068374,109.70560081466395,99.46568228105903,123.93248108815827
Sawankhalok,TH6407,2014,166.04924985574152,87.43760819388348,113.23339584535488,113.89769186381997,121.6192585112522,126.7692008078477,59.665608770917494,36.62140796306982,103.16167772648588,166.074076745528,133.10454414310448,116.2257357184074,113.89769186381997,121.6192585112522,133.21028563185232,109.81837853433353,98.48997403346799,124.05499314772077
Si Nakhon,TH6408,2014,165.80749671196844,93.83410784743533,117.43020604997808,114.21380973257342,122.21109162647961,120.54094695309077,61.545199473914955,39.84388426128891,104.42834283209118,165.80780359491453,133.45576501534416,117.5939938623411,114.21380973257342,122.21109162647961,133.75015344147306,110.24791758000877,98.27514248136782,124.44445966681283
Thung Saliam,TH6409,2014,166.2584384589158,76.13678827139447,105.0601431980907,113.84626662120698,121.05530173883398,132.0710535288101,62.08360040913742,32.05213092396865,101.07046539379476,166.2584384589158,132.36157517899758,115.95905216501878,113.84626662120698,121.05530173883398,132.53163995908628,107.93978861234231,96.81254688032733,123.34557620184111
Mueang Ratchaburi,TH7001,2014,71.85243478260871,94.27852173913047,75.86182608695653,114.33619565217396,115.03139130434789,123.53497826086962,70.74976086956524,39.01006521739131,88.08189673913047,157.8314565217392,122.4512826086957,110.83845652173918,115.90950000000002,115.03139130434789,123.53497826086962,111.4567391304348,118.00317391304351,121.8821222826087
Chom Bueng,TH7002,2014,73.201010940313,97.50054009140011,74.40627336933946,108.96960254812355,111.22154826201361,121.76515718044598,69.43777870101098,40.350754743110386,87.10658322946966,153.2204957762083,116.91862622905415,104.07688685777597,110.13795873147768,111.22154826201361,121.76515718044598,108.40411300373913,113.51729677330013,117.40776035175186
Suan Phueng,TH7003,2014,73.75413053400273,106.55221360109537,74.07115472387036,107.3410314924692,109.30415335463256,120.81163852122316,69.44039251483339,42.42464628023733,87.96242012779553,151.4616157005933,114.30136923779098,100.21268827019627,107.77681424007302,109.30415335463256,120.81163852122316,108.15193975353718,112.0927430397079,115.5141202647193
Damnoen Saduak,TH7004,2014,77.95786467486818,98.17570298769772,82.62746045694202,120.36177504393675,117.92086994727592,125.02614235500879,69.79850615114235,44.35913884007031,92.02843255711775,161.29595782073815,126.44551845342708,116.60997363796135,120.36177504393675,117.92086994727592,125.02614235500879,112.84134446397188,119.67376977152901,125.0219189367311
Ban Pong,TH7005,2014,76.69783318492135,89.75983971504898,79.2872662511131,114.34740279014545,115.04194122885129,123.34416740872665,62.33342238052835,41.88984861976847,87.83771519738796,157.88705847432476,122.81593944790741,111.52324131789848,114.34817453250223,115.04194122885129,123.34416740872665,108.2340160284951,115.02861383199763,121.02789403383794
Bang Phae,TH7006,2014,79.2678068410463,95.91589537223341,82.61267605633803,118.55995975855133,117.22193158953725,124.69154929577468,66.6796780684105,43.785915492957756,91.09192655935614,160.12796780684107,126.09879275653927,115.4863179074447,118.55995975855133,117.22193158953725,124.69154929577468,111.36056338028172,118.11770623742457,123.95809859154934
Photharam,TH7007,2014,73.92396462467646,90.91050474547023,77.13938740293356,113.67144089732528,114.07629421915445,123.04385245901642,65.43930112165661,39.73472821397757,87.24243421052633,156.97801984469373,121.29055220017254,109.71628559102678,113.73895599654877,114.07629421915445,123.04385245901642,108.50243744607423,114.83617342536668,120.27282139775672
Pak Tho,TH7008,2014,66.82839872746554,94.24303287380704,70.16224814422057,106.26784729586429,114.22080593849418,123.12805938494168,73.80044538706257,33.73838812301167,85.29865323435845,157.15484623541892,121.39463414634147,109.19064687168613,115.37098621420996,114.62065747614002,123.12805938494168,112.27124072110288,119.07338282078473,121.52555673382822
Wat Phleng,TH7009,2014,70.88220858895706,96.92638036809815,78.979754601227,117.72269938650308,117.21165644171778,125.13006134969324,73.76319018404908,36.594478527607365,89.65130368098158,161.27055214723927,125.51595092024542,114.1877300613497,119.9239263803681,117.21165644171778,125.13006134969324,113.37423312883435,121.82147239263803,124.80444785276073
Ban Kha,TH7010,2014,67.84808,98.8064,64.71612,101.40944,108.71992,118.6484,68.93131999999999,38.295080000000006,83.42184499999999,150.79579999999999,112.88280000000002,98.71871999999999,106.66324,108.71992,118.6484,106.401,111.03088000000001,114.232595
Mueang Pattani,TH9401,2014,137.0,111.9,98.60000000000001,126.4,90.80000000000001,117.30000000000001,97.2,96.80000000000001,109.5,137.0,119.80000000000001,135.20000000000002,126.4,124.10000000000001,117.30000000000001,97.2,96.80000000000001,119.225
Khok Pho,TH9402,2014,134.6020172910663,118.60028818443804,108.1779538904899,126.18458213256484,106.22680115273775,116.5391930835735,96.27953890489914,96.45518731988474,112.88319524495678,134.6020172910663,120.36801152737753,133.63328530259366,126.18458213256484,122.03371757925072,116.5391930835735,96.27953890489914,96.45518731988474,118.2619416426513
Nong Chik,TH9403,2014,135.70000000000002,117.9,107.5,127.4,104.60000000000001,117.30000000000001,96.5,96.60000000000001,112.93750000000001,135.70000000000002,121.60000000000001,135.0,127.4,123.10000000000001,117.30000000000001,96.5,96.60000000000001,119.15000000000002
Panare,TH9404,2014,136.38953662182362,119.00941704035876,106.9814648729447,128.2203288490284,104.5288490284006,117.12002989536623,96.73034379671151,95.26218236173392,113.03026905829597,136.38953662182362,120.91748878923768,134.1064275037369,128.2203288490284,125.43019431988041,117.12002989536623,96.73034379671151,95.26218236173392,119.27206651718984
Mayo,TH9405,2014,134.81969561324976,118.66642793196061,108.98728737690242,126.30017905102953,107.65899731423454,116.18755595344672,95.60850492390331,94.64870188003582,112.85966875559534,134.81969561324976,119.7715308863026,132.05613249776187,126.30017905102953,123.25389435989256,116.18755595344672,95.60850492390331,94.64870188003582,117.83077439570279
Thung Yang Daeng,TH9406,2014,129.6,115.5,115.7,121.30000000000001,115.0,113.5,94.30000000000001,93.10000000000001,112.25000000000001,129.6,115.5,127.0,121.30000000000001,119.2,113.5,94.30000000000001,93.10000000000001,114.18750000000001
Sai Buri,TH9407,2014,136.9,121.30000000000001,110.5,127.5,109.0,118.60000000000001,97.7,94.7,114.52500000000002,136.9,122.10000000000001,133.20000000000002,127.5,125.2,118.60000000000001,97.7,94.7,119.48750000000003
Mai Kaen,TH9408,2014,134.5,120.60000000000001,114.5,125.30000000000001,116.2,116.80000000000001,96.2,93.9,114.75000000000001,134.5,120.60000000000001,130.4,125.30000000000001,124.2,116.80000000000001,96.2,93.9,117.7375
Yaring,TH9409,2014,136.00581693755348,116.0022241231822,103.38297690333619,127.17450812660394,99.29426860564587,116.43738237810096,96.34807527801541,95.59649272882808,111.28021813515825,136.00581693755348,119.9020530367836,134.2880239520958,127.17450812660394,124.67005988023955,116.43738237810096,96.34807527801541,95.59649272882808,118.80280153977758
Yarang,TH9410,2014,134.51011235955056,117.97056179775281,109.35505617977529,125.66337078651686,108.87865168539324,115.87977528089888,95.48898876404495,94.44898876404494,112.7744382022472,134.51011235955056,119.19955056179778,131.10292134831462,125.66337078651686,121.9647191011236,115.87977528089888,95.48898876404495,94.44898876404494,117.28230337078652
Kapho,TH9411,2014,,,,,,,,,,,,,,,,,,
Mae Lan,TH9412,2014,,,,,,,,,,,,,,,,,,
Mueang Nonthaburi,TH1201,2014,,,,,,,,,,,,,,,,,,
Bang Kruai,TH1202,2014,,,,,,,,,,,,,,,,,,
Bang Yai,TH1203,2014,85.60633484162895,104.79457013574661,89.94592760180997,122.38574660633483,118.45859728506787,124.37307692307691,66.17330316742081,51.84389140271494,95.44768099547511,161.02262443438914,128.63438914027148,120.51628959276016,122.38574660633483,118.45859728506787,124.37307692307691,110.88846153846154,116.84954751131221,125.39109162895929
Bang Bua Thong,TH1204,2014,84.10000000000001,99.5,87.0,121.10000000000001,117.80000000000001,123.9,61.5,47.900000000000006,92.85000000000001,160.3,128.4,119.7,121.10000000000001,117.80000000000001,123.9,110.4,114.30000000000001,124.48749999999998
Sai Noi,TH1205,2014,84.00496342737723,98.20945663531872,85.49137931034483,120.34764890282132,117.97371995820274,123.81018808777432,59.63406478578893,46.30935214211077,91.97259665621735,160.42413793103452,128.24111807732496,119.6158829676071,120.34764890282132,117.97371995820274,123.81018808777432,109.33584117032395,114.12758620689657,124.2345154127482
Pak Kret,TH1206,2014,,,,,,,,,,,,,,,,,,
Mueang Ang Thong,TH1501,2014,90.64554140127389,95.01581740976646,78.85690021231422,120.45392781316349,120.10552016985137,126.37675159235667,50.79235668789809,28.992144373673035,88.90486995753716,163.41220806794053,130.92993630573247,122.00743099787685,120.45392781316349,120.10552016985137,126.47420382165603,106.48535031847133,112.3223991507431,125.27387208067938
Chaiyo,TH1502,2014,92.50334872979217,95.11431870669746,83.39330254041572,120.85946882217094,120.05866050808316,124.59896073903003,53.255311778290995,31.242494226327945,90.12823325635105,164.4099307159354,132.50981524249423,122.65300230946883,120.85946882217094,120.05866050808316,127.23163972286373,106.3769053117783,112.53464203233258,125.82925808314091
Pa Mok,TH1503,2014,90.77533512064342,97.01233243967827,79.51769436997319,120.67211796246649,120.30080428954423,126.29812332439677,51.540214477211805,30.512064343163537,89.57858579088472,163.01823056300267,130.39919571045573,122.1083109919571,120.67211796246649,120.30080428954423,126.29812332439677,106.37721179624666,112.4823056300268,125.20703753351208
Pho Thong,TH1504,2014,87.36811235026848,86.65481206113175,76.98000826104914,120.18843453118545,120.38083436596445,126.8805452292441,48.563073110284996,25.351920693928133,86.54596757538205,164.5489467162329,132.14907063197023,121.38273440726971,120.18843453118545,120.38083436596445,127.49855431639818,106.67501032631142,112.03841387856257,125.6077498967369
Sawaeng Ha,TH1505,2014,84.93307045215563,82.1574658254469,75.53564668769718,120.04158780231336,120.76293375394323,127.47050473186123,46.38459516298634,22.496687697160883,84.9728115141956,165.28165089379604,132.2737644584648,120.98817034700318,120.04158780231336,120.76293375394323,127.99474237644588,107.26545741324922,112.57523659305994,125.89794295478445
Wiset Chai Chan,TH1506,2014,86.38540713632207,87.88673376029278,76.91816102470266,119.65759377859104,120.23591033851784,126.98554437328458,49.46669716376946,29.968847209515094,87.18811184812444,163.39144556267158,130.72900274473926,120.47625800548948,119.65759377859104,120.23591033851784,126.98554437328458,106.24167429094237,111.71701738334859,124.92930580969808
Samko,TH1507,2014,85.4732600732601,85.24249084249085,76.3596153846154,119.43031135531136,120.0989926739927,126.98809523809526,49.2724358974359,29.0220695970696,86.48590888278387,164.02170329670332,131.07261904761907,120.09304029304029,119.43031135531136,120.0989926739927,126.98809523809526,106.37298534798535,111.60439560439562,124.96026785714287
Mueang Saraburi,TH1901,2014,119.65063103192279,130.64996288047516,119.46659242761696,122.88841870824055,120.89784706755754,124.81031922791392,73.60400890868596,66.02160356347439,109.74867297698592,163.83221974758723,130.8141796585004,124.4356347438753,122.88841870824055,120.89784706755754,125.95085374907201,106.25567928730511,115.9772086117298,126.38150519673346
Kaeng Khoi,TH1902,2014,127.04985361773318,119.32434127979923,113.68527812630701,122.78222501045587,120.87298201589292,123.52693433709744,73.17657883730658,64.47302383939775,108.11140213299876,164.85332496863236,132.01769134253448,125.08983688833122,122.78222501045587,120.87298201589292,126.69268088665831,105.51802593057299,115.11534922626517,126.61776453366791
Nong Khae,TH1903,2014,111.50302824089827,127.20615855733244,110.6873086083702,122.81976862878531,120.48363388907791,124.82592718611775,70.22089145968016,61.74988091187478,106.18707468526709,162.73977543382102,129.87625042531474,123.7869003062266,122.81976862878531,120.48363388907791,124.84314392650566,105.98220483157537,114.5941476692753,125.64072813882272
Wihan Daeng,TH1904,2014,118.81043771043772,129.29688552188554,118.21321548821552,123.38973063973066,120.9406565656566,124.56818181818184,74.36986531986534,67.58097643097645,109.6462436868687,162.48619528619534,129.54772727272731,123.82297979797981,123.38973063973066,120.9406565656566,124.56818181818184,105.99562289562292,114.72297979797979,125.68425925925932
Nong Saeng,TH1905,2014,111.11189555125726,126.78317214700195,111.40203094777566,122.4060928433269,121.52263056092846,125.3323017408124,67.92253384912961,58.921373307543526,105.67525386847197,163.20328820116057,130.06286266924567,123.80145067698261,122.4060928433269,121.52263056092846,126.64990328820119,104.76992263056093,114.55299806576403,125.8711436170213
Ban Mo,TH1906,2014,109.55454545454545,121.0023548740416,109.00273822562978,121.65366922234391,120.93247535596933,124.08039430449068,66.49189485213581,54.818674698795185,103.44209337349396,164.7453997809419,131.95306681270537,124.1329682365827,121.65366922234391,120.93247535596933,126.77535596933187,105.96215772179626,114.19578313253014,126.29385952902518
Don Phut,TH1907,2014,104.24736842105264,114.73086770981509,102.08620199146517,121.33413940256045,121.39857752489331,124.42887624466574,61.451778093883355,47.65846372688478,99.66703413940257,163.92332859174965,131.27339971550498,123.25789473684213,121.33413940256045,121.39857752489331,127.96187766714083,105.85049786628734,112.36216216216218,125.9202347083926
Nong Don,TH1908,2014,108.4140144665461,116.06880650994576,105.83309222423146,122.0730560578662,121.3242314647378,122.50000000000003,65.5489150090416,52.841952983725136,101.82550858951177,165.49421338155517,132.84339963833634,125.19032549728753,122.0730560578662,121.3242314647378,127.39828209764919,106.16555153707054,113.68580470162749,126.7718580470163
Phra Phutthabat,TH1909,2014,115.10443822471011,115.45581767293083,105.77253098760494,121.85657736905237,120.5622151139544,122.15045981607356,67.70539784086364,57.882127149140345,103.3111955217913,165.29604158336662,132.69464214314277,125.30683726509396,121.85657736905237,120.5622151139544,126.75605757696921,105.41523390643742,116.46997201119554,126.79469712115157
Sao Hai,TH1910,2014,116.81015761821368,127.84588441330999,115.42101576182138,122.55586690017513,120.76865148861647,123.92127845884414,71.57845884413308,62.78896672504378,107.7112850262697,164.0945709281962,131.03485113835376,124.42714535901924,122.55586690017513,120.76865148861647,126.55858143607705,106.58345008756567,116.21392294220666,126.52963003502627
Muak Lek,TH1911,2014,137.95550766283523,88.0943247126437,87.1468390804598,121.1125478927203,119.79499521072798,118.08321360153258,67.0484195402299,53.48230363984675,99.08976891762454,163.09264846743298,131.1749042145594,123.34430076628355,121.1125478927203,119.79499521072798,123.88333333333337,100.61376915708814,109.35153256704982,124.04600395114943
Wang Muang,TH1912,2014,135.197962154294,105.66229985443957,103.93842794759826,123.00917030567683,121.24987869966034,121.65710819990294,70.73789422610382,60.50184376516254,105.2443231441048,166.62916060164966,133.4057738961669,125.22707423580785,123.00917030567683,121.24987869966034,127.93095584667635,103.13711790393013,113.50237748665695,126.76143862202812
Chaloem Phra Kiat,TH1913,2014,122.51776649746195,127.03692893401018,116.68248730964469,122.86129441624368,120.38007614213201,123.71002538071068,73.6008883248731,65.3484771573604,109.01724302030459,164.50380710659906,131.636421319797,125.52296954314721,122.86129441624368,120.38007614213201,126.3552030456853,106.54898477157361,116.35291878172592,126.77020939086296
Mueang Nakhon Nayok,TH2601,2014,128.30257617728535,128.81365650969528,123.25673130193907,124.34667590027702,121.92080332409971,126.11540166204988,76.6036565096953,71.27080332409973,112.57878808864267,162.07047091412744,128.81365650969528,123.25673130193907,124.34667590027702,121.92080332409971,126.11540166204988,105.5845429362881,115.80490304709141,125.98914819944598
Pak Phli,TH2602,2014,131.38672164948457,128.871175257732,123.0118762886598,124.76618556701034,122.37632989690727,126.86156701030929,77.55389690721651,72.43905154639177,113.40835051546394,161.9669278350516,128.871175257732,123.0118762886598,124.76618556701034,122.37632989690727,126.86156701030929,106.1594639175258,116.47917525773201,126.31158762886598
Ban Na,TH2603,2014,122.03099215819982,128.94009546539385,121.04343675417661,123.75397204227758,121.49324923286741,125.21203545857485,75.40985339243097,69.66242754858507,110.94325775656324,162.16154108421418,128.94009546539385,123.61674053869761,123.75397204227758,121.49324923286741,125.21203545857485,105.55922263893626,114.9387657688374,125.7094527787249
Ongkharak,TH2604,2014,113.95245392822503,128.70754607177497,113.56581959262849,124.60085354025219,120.28001939864208,124.0501454898157,75.07980601357903,67.83515033947626,108.50897429679918,161.50199806013572,129.02494665373422,123.56498545101842,124.60085354025219,120.28001939864208,124.0501454898157,107.4658583899127,114.63493695441315,125.64046799224054
Mueang Sa Kaeo,TH2701,2014,135.81517202481663,128.8398646362098,123.84705019740552,126.56239142695995,122.85727016356454,127.91235194585444,80.06539199097574,71.07015228426393,114.62120558375632,160.16829103214886,128.93005076142128,123.84705019740552,126.56239142695995,122.85727016356454,127.91235194585444,108.25681895093058,117.95482233502533,127.06113085166383
Khlong Hat,TH2702,2014,133.54324999999997,126.14078571428571,120.46669642857142,124.89467857142854,120.85194642857138,125.57458928571428,81.43160714285713,67.83507142857142,112.59232812500002,157.52205357142856,126.14078571428571,120.46669642857142,124.89467857142854,120.85194642857138,125.57458928571428,108.55557142857143,116.55812500000003,125.07055580357145
Ta Phraya,TH2703,2014,107.45630240159157,89.9568139832315,105.64649708682677,130.97622566434558,127.60898109990055,117.47184879920421,61.17243143384965,43.93819809577945,98.02841232059119,168.6257780304107,139.58833309648998,130.80747477618306,130.97622566434558,127.60898109990055,131.37220406423194,113.3168537729146,120.84221969589309,132.89225877504614
Wang Nam Yen,TH2704,2014,133.8316033568905,125.74889575971739,120.0565591872792,124.96225706713783,121.03544611307426,125.95810512367495,80.21152826855125,68.14399293286222,112.49354847614843,157.4734540636043,125.74889575971739,120.0565591872792,124.96225706713783,121.03544611307426,125.95810512367495,106.8839885159011,116.56731448763259,124.8357525397527
Watthana Nakhon,TH2705,2014,130.4189835430784,128.3725943852855,126.00133591481118,127.80557599225547,124.67029041626327,128.89846079380445,80.4332042594385,69.26451113262341,114.48311955469502,163.0835430784124,131.46552758954496,126.28336882865435,127.80557599225547,124.67029041626327,128.99100677637944,110.16178121974828,119.06593417231359,128.94087850919652
Aranyaprathet,TH2706,2014,125.10451045104513,131.6338100476715,127.22024202420245,128.55319643075418,125.31569490282364,129.20019557511307,81.71128223933502,69.43141425253638,114.77129324043518,164.71108666422202,134.07463635252418,127.22249113800271,128.55319643075418,125.31569490282364,129.2025058061362,110.57783889500061,119.25154626573772,129.86362455690016
Khao Chakan,TH2707,2014,133.27426094687712,126.46232496110247,121.02798399644368,125.42391642587242,121.59384307623921,126.72082685041123,80.44889975550124,69.37030451211382,113.04029506557013,158.0982662813959,126.46232496110247,121.02798399644368,125.42391642587242,121.59384307623921,126.72082685041123,107.68366303623029,116.9638808624139,125.49683818626363
Khok Sung,TH2708,2014,114.37829739568751,110.56930831699808,121.38485018202185,130.3534864183702,127.02369084290119,128.19249509941193,72.69977597311679,57.89207504900588,107.81174740968916,167.7243629235509,138.05805096611599,129.73578829459535,130.3534864183702,127.02369084290119,131.09274712965555,112.311733408009,120.9197703724447,132.15245379445537
Wang Sombun,TH2709,2014,135.9900407331975,124.35480651731162,118.47042769857434,123.9387780040733,119.82423625254582,124.39659877800406,81.69635437881871,67.6943380855397,112.04569755600812,156.26189409368632,124.35480651731162,118.47042769857434,123.9387780040733,119.82423625254582,124.39659877800406,107.94747454175152,115.59680244399182,123.84887729124237
Mueang Chaiyaphum,TH3601,2014,127.7833348210301,94.18679817905918,103.97242702847456,126.92681424618405,125.36470588235302,105.22553780237432,59.71986967776492,38.36148353119701,97.69262139605463,172.20960457020433,140.3061055074534,129.90660537356067,126.92681424618405,125.36470588235302,133.45621708470946,107.10656074265822,114.82361867356961,131.2625290100866
Ban Khwao,TH3602,2014,129.00031974420463,96.2939848121503,109.76456834532378,125.42422062350124,124.5316746602718,109.79038768984813,63.71824540367706,44.54174660271781,100.38314348521186,172.08707034372506,139.56496802557953,128.89310551558756,125.42422062350124,124.5316746602718,132.95193844924063,106.34472422062355,113.51201039168669,130.41371402877704
Khon Sawan,TH3603,2014,125.56766032555403,87.97219062561287,99.8314375367719,128.536046283585,126.5380858991959,103.69252794665621,61.29237105314768,33.96201215924692,95.92404147872132,173.76601294371446,141.96158070209844,130.65369680329474,128.536046283585,126.5380858991959,134.17036673857618,108.55379486173761,116.6439890174544,132.60294665620717
Kaset Sombun,TH3604,2014,119.28276674937969,93.4045781637717,104.9134491315137,123.75660049627794,123.07831265508682,99.9929652605459,55.93232009925558,36.24070719602978,94.57521246898266,170.96101736972707,138.28033498759302,127.32786600496281,123.75660049627794,123.07831265508682,130.59343672456578,104.11918114143921,108.18784119106702,128.28807382133996
Nong Bua Daeng,TH3605,2014,124.73564958147,98.2466230936819,115.45343423919273,122.40059626189658,123.00354317165461,110.79488590757941,63.299782135076235,28.667905056759544,98.3253024309139,170.93845889232884,138.11914918013989,127.13680770553836,122.40059626189658,123.00354317165461,132.34969613576422,104.2106639146887,110.42296754959294,128.57273535145055
Chatturat,TH3606,2014,131.1677725118484,82.84774881516589,101.2122564507636,125.89952606635076,125.07081358609796,108.76195365982099,61.80077672459191,37.72288046340179,96.81046603475521,171.74719589257512,139.09714323328066,129.73840179041605,125.89952606635076,125.07081358609796,132.63638757240656,107.21273038441288,115.53256977356503,130.86684603738811
Bamnet Narong,TH3607,2014,142.37473184455774,92.52458238086858,110.67297344821517,124.84329171795322,124.18130824687883,114.07545278705813,67.95159134869,50.870669949006505,103.43682521540353,169.8266924564797,137.52308774397744,129.02257780903815,124.84329171795322,124.18130824687883,131.50441357481975,106.3378055213645,114.31733778793735,129.69456435730612
Nong Bua Rawe,TH3608,2014,132.00291917533298,96.03652618135379,112.77060755336616,122.94823937237733,122.67644590403211,112.67555190658638,66.73114395183362,43.71479656996898,101.19452882685643,170.03975551906592,137.38283160007296,126.99760992519616,122.94823937237733,122.67644590403211,130.9009304871374,104.27334428024085,111.02227695675973,128.28017925561028
Thep Sathit,TH3609,2014,142.61788142669687,101.72316593105094,116.50097817010617,121.58071096266256,121.66936657521174,115.28264344506736,68.88227364905167,52.44913515447929,105.08826941429083,167.32437075032803,135.21059286651558,126.22911845401407,121.58071096266256,121.66936657521174,129.1752117380413,103.10004771561495,110.38276273410476,126.83402272456165
Phu Khiao,TH3610,2014,120.04112304795655,96.75394838852583,108.03265034887582,125.61200575922022,123.98310997895666,97.73311551666849,56.05000553771182,35.40629084062464,95.45153117731752,170.73119946837963,138.8814708162587,127.68997674161037,125.61200575922022,123.98310997895666,131.5750692213977,105.69121718905744,109.10229261269241,129.15829272344664
Ban Thaen,TH3611,2014,122.81339923119167,112.74280615046682,125.28091707852832,127.11144975288309,124.33212520593084,101.37841845140034,62.50782537067547,43.706479956068115,102.4841776496431,171.91911037891273,139.709060955519,128.51891817682596,127.11144975288309,124.33212520593084,132.84305326743552,107.07564524986273,110.97149917627678,130.31010777045586
Kaeng Khro,TH3612,2014,125.16250196448212,100.67972654408295,113.83946251768027,126.506600660066,124.68910891089105,101.78910891089106,60.94358007229294,41.74414584315575,99.4192794279428,172.05811724029545,139.99806694955208,128.49295929592955,126.506600660066,124.68910891089105,131.18536853685364,106.38852742417099,112.15832154644033,130.18463382052488
Khon San,TH3613,2014,114.47616707616704,94.0015561015561,106.91324051324051,123.1251706251706,122.0360087360087,96.52994812994812,54.168932568932576,34.46786786786786,93.21486145236142,170.43232323232323,137.1712530712531,125.68124488124487,123.1251706251706,122.0360087360087,129.97663117663114,104.1888342888343,105.34739284739284,127.24485735735739
Phakdi Chumphon,TH3614,2014,134.36629901960788,103.05069444444447,120.69191176470592,120.30122549019612,121.10535130718958,113.2038807189543,61.43169934640525,25.48047385620916,99.95394199346408,167.8758578431373,135.01928104575165,125.11597222222224,120.30122549019612,121.10535130718958,130.29403594771247,101.82058823529417,107.06070261437911,126.07412683823536
Noen Sa-Nga,TH3615,2014,128.93977075373394,79.98082667592915,97.25581799235849,126.849808961445,125.66036818339703,106.83911080236199,61.21319902744009,32.42195206668982,94.89510680791943,172.7263980548802,140.36370267453978,131.36002084056963,126.849808961445,125.66036818339703,133.06644668287603,109.33515109412993,117.37078846821815,132.09158562000695
Sap Yai,TH3616,2014,138.9957716701903,94.0271821202054,111.82047719722142,123.45466626396865,122.66297191180917,113.8154636061613,68.6553911205074,51.20009060706735,103.07900181214136,169.295530051344,136.5236484445787,126.86085774690426,123.45466626396865,122.66297191180917,130.80872848082151,106.32035638779823,113.1753246753247,128.63776049531864
Mueang Khon Kaen,TH4001,2014,113.29661840744573,132.40156153050674,128.2347259565667,128.78244053774566,125.0480248190279,102.55737331954496,64.69975180972082,46.65601861427095,105.20956437435366,173.57428128231643,140.6550879007239,128.2347259565667,128.78244053774566,125.0480248190279,136.33885211995866,109.33573940020685,116.46561530506719,132.30434591520165
Ban Fang,TH4002,2014,118.2642899061033,126.95783450704226,126.93603286384976,127.18524061032865,124.0932805164319,102.71740023474179,65.79994131455399,48.634947183098596,105.07362089201878,172.41035798122064,139.5419307511737,126.93603286384976,127.18524061032865,124.0932805164319,133.27567488262912,107.29386737089203,113.02279929577466,130.46989803403756
Phra Yuen,TH4003,2014,119.56950819672133,129.44145719489984,129.00138433515482,128.63256830601094,125.86724954462659,104.9498360655738,67.48415300546448,50.38393442622952,106.91626138433517,173.40619307832424,141.77639344262295,129.00138433515482,128.63256830601094,125.86724954462659,134.77100182149366,108.65595628415302,116.16459016393446,132.28441712204008
Nong Ruea,TH4004,2014,119.75423694371064,116.22743344848608,125.7779922779923,126.90568990042675,123.75039626092257,100.23178215809796,62.106705954074386,43.560800650274345,102.28937969924813,171.73574476732375,139.58327575695998,127.32714895346474,126.90568990042675,123.75039626092257,132.9133915870758,107.30258077626497,111.1353586669376,130.08169833367202
Chum Phae,TH4005,2014,115.19324753468162,96.22759485208088,107.653200735417,124.62911582817985,122.56665552398469,95.04559585492234,54.17192044125022,33.27793748955374,93.59565853250884,170.7445428714692,138.09946515126194,126.43774026408161,124.62911582817985,122.56665552398469,130.84506100618418,105.20228982115998,107.51653016881167,128.25517507939162
Si Chomphu,TH4006,2014,115.25562216167123,104.30766575840147,117.21894641235242,124.28248864668483,121.41571298819255,94.75783832879202,55.603106267029986,35.641525885558586,96.06036330608539,169.53493188010907,137.09376930063578,124.83362397820167,124.28248864668483,121.41571298819255,129.8294822888284,104.74697547683924,105.34108991825612,127.13475930971846
Nam Phong,TH4007,2014,108.43249820187003,135.97079836969547,127.4540278110764,128.55945816350987,123.19801006952764,100.48951090865495,63.9787341165188,46.305238551906015,104.29853452409496,172.17254854950843,138.70484296331807,127.4540278110764,128.55945816350987,123.19801006952764,135.07126588348117,108.63660992567728,114.72697194917282,131.065466914409
Ubolratana,TH4008,2014,111.58180055401661,129.6678670360111,125.27304709141275,127.08401662049863,121.99891966759004,99.15069252077565,63.650415512465386,45.339224376731316,102.96824792243768,170.22742382271466,137.6328808864266,125.27304709141275,127.08401662049863,121.99891966759004,132.57141274238228,106.99880886426595,109.77171745152357,128.94477839335184
Kranuan,TH4009,2014,105.27068607068604,137.88079758079752,126.17376677376674,128.6433377433377,122.62859572859576,99.21319221319222,63.630391230391204,47.701077301077284,103.89273058023053,171.39347949347945,137.88079758079752,126.17376677376674,128.6433377433377,122.62859572859576,134.76036666036666,108.88883008883005,116.13868833868833,130.81348280098274
Ban Phai,TH4010,2014,118.67173796312869,124.43939502416323,130.01947377841415,129.47850366923214,127.11986754966887,103.57436907105779,66.46164310005369,43.69287632002863,105.4322333094684,174.15783067836045,141.7923572579201,130.01947377841415,129.47850366923214,127.11986754966887,135.72260604975838,111.82419903347055,119.19343117952387,133.66353364954358
Pueai Noi,TH4011,2014,118.19316843345116,121.77502944640754,130.78268551236752,130.4093050647821,127.78339222614842,103.5316843345112,66.1487632508834,42.22102473498234,105.10563162544172,175.02202591283864,142.725382803298,130.78268551236752,130.4093050647821,127.78339222614842,135.9845111896349,112.15053003533573,120.52190812720849,134.42246760895173
Phon,TH4012,2014,124.07002164502167,101.14186507936508,124.85295815295812,129.87541486291482,127.71681096681097,103.0392857142857,63.668109668109665,32.67779581529582,100.88028273809523,174.50997474747476,143.3527777777778,132.17893217893217,129.87541486291482,127.71681096681097,134.35416666666669,111.46955266955267,118.84310966810965,134.03759244227993
Waeng Yai,TH4013,2014,123.97322126661452,96.78045347928068,114.58792025019547,128.7729867083659,127.07275215011727,103.37455043002346,63.01641907740421,33.4670054730258,98.88066360437841,174.32931978107894,142.99945269741985,131.13315089913996,128.7729867083659,127.07275215011727,134.26121970289284,109.56157154026582,117.41368256450352,133.193017005473
Waeng Noi,TH4014,2014,125.29289310038499,88.35768433520877,106.14880071068998,129.09899318922123,127.31110453064849,103.51530944625411,62.525940183594926,30.93790346461357,96.648578620077,173.83162570328696,143.17551080840988,132.07447438554934,129.09899318922123,127.31110453064849,133.73932484453658,110.44341131181525,118.33757773171455,133.50150281314782
Nong Song Hong,TH4015,2014,121.9358921815889,113.18527742749055,133.12016078184112,131.1731557377049,128.36063997477933,103.99282786885244,65.83715321563685,39.124416771752834,104.59119049495591,175.27053909205551,143.7074716267339,133.15197036569987,131.1731557377049,128.36063997477933,135.49330075662044,112.66368221941988,120.65069356872633,135.05893166771753
Phu Wiang,TH4016,2014,115.40465290806753,116.26354596622886,125.53399624765481,126.60842401500936,122.82296435272048,97.56658536585367,60.02457786116323,40.67602251407129,100.61259615384616,170.90990619136963,138.8034333958724,126.50992495309569,126.60842401500936,122.82296435272048,133.01022514071295,107.74033771106942,110.57660412757973,129.6227274859287
Mancha Khiri,TH4017,2014,124.02442846872756,123.00475916606759,129.36566498921638,127.93864845434939,125.81288281811645,105.6004888569374,68.12645578720343,50.348713156002894,106.77775521207766,173.60369518332138,141.4767792954709,129.40293314162471,127.93864845434939,125.81288281811645,133.10762041696623,108.02481667864849,115.13851905104244,131.8132368799425
Chonnabot,TH4018,2014,122.69190966266437,111.75077186963979,128.61781017724414,128.8373642081189,127.04405374499713,103.79256718124644,64.87775871926813,38.496226415094334,103.2635577472841,174.65520297312747,142.24662664379642,130.5967409948542,128.8373642081189,127.04405374499713,134.99779874213837,110.33676386506575,117.48953687821607,133.27551100628926
Khao Suan Kwang,TH4019,2014,110.2134005336496,135.76427512600065,124.5334716869256,126.90151200711534,121.17515564779134,99.75434331455679,64.63379780610734,47.067951378594735,103.75548843759267,169.35081529795434,136.30963533946044,124.5334716869256,126.90151200711534,121.17515564779134,133.1205751556478,107.7081233323451,112.26907797213167,128.92104580492145
Phu Pha Man,TH4020,2014,113.554527938343,98.85510597302508,116.5491971740527,122.5162491971741,120.51432241490049,97.32459858702637,55.92768143866411,37.30899165061015,95.31883429672449,168.81901091843292,136.33795761079,124.29190751445091,122.5162491971741,120.51432241490049,128.55433526011564,102.87617212588313,103.91008349389855,125.97750481695573
Sam Sung,TH4021,2014,106.7897209302326,140.3198139534884,128.20130232558142,130.46065116279075,124.59674418604656,101.30609302325584,63.90427906976746,47.264790697674435,105.35542441860468,173.11762790697676,140.52441860465117,128.20130232558142,130.46065116279075,124.59674418604656,137.0197674418605,109.76400000000002,117.90172093023259,132.69827906976747
Khok Pho Chai,TH4022,2014,125.15916489738146,105.31433121019106,122.31985138004248,128.15095541401277,126.3441259731069,104.44731068648267,64.47151450813871,42.511288039632,102.3398177636235,174.23453644727533,141.62972399150746,130.11008492569002,128.15095541401277,126.3441259731069,134.09996461429583,108.32282377919321,116.49759377211606,132.4237261146497
Nong Na Kham,TH4023,2014,113.95233291298865,114.01633039092056,125.28606557377049,125.5670870113493,122.31992433795712,95.70668348045398,57.917276166456496,37.81860025220682,99.07303751576292,170.31935687263555,137.47881462799495,125.28606557377049,125.5670870113493,122.31992433795712,132.47679697351828,106.37755359394704,107.51324085750316,128.41735498108451
Ban Haet,TH4024,2014,117.59046372475692,129.78029169783096,129.3869109947644,128.98261032161554,126.6760284218399,104.26264023934182,67.42726252804789,48.419558713537775,106.56572083021693,173.89094988780855,141.74237097980551,129.3869109947644,128.98261032161554,126.6760284218399,135.62228870605833,111.1044128646223,117.89080029917729,133.16204655946152
Non Sila,TH4025,2014,121.30655590480471,116.11396497530312,130.51154018859455,129.37597665020206,127.31010327795245,102.77718904355636,64.89991019308488,37.39833857207005,103.71169735069603,174.33484508307143,141.93331836551417,130.51293219577911,129.37597665020206,127.31010327795245,135.0761113605748,111.51737763807814,118.8200718455321,133.610092052088
Wiang Kao,TH4029,2014,114.95411572942137,105.5709861450693,117.28011409942954,125.06568867155666,122.17245313773432,94.81393643031788,55.84572127139365,35.99519152404238,96.46227587612066,170.8137734311329,138.5107579462103,125.98288508557461,125.06568867155666,122.17245313773432,131.2308883455583,105.20456397718013,106.7068459657702,128.2109820700897
Mueang Nong Khai,TH4301,2014,136.1541133804161,129.99881656804737,114.87858369917926,121.98389005535408,114.27440351212063,97.24296621492651,63.454418782210375,43.360450467646494,102.66845533498758,161.39454094292807,129.99881656804737,114.87858369917926,121.98389005535408,114.27440351212063,132.84212635999236,101.85669020805501,97.77310555449517,121.87526961252146
Tha Bo,TH4302,2014,129.40683419445745,129.6106622827618,114.8918506341005,120.65380460310001,113.98128229215594,98.95885392202908,65.53273837482384,43.68792860497886,102.09049436355092,162.15100986378576,129.6106622827618,114.8918506341005,120.65380460310001,113.98128229215594,133.02942696101454,103.22677313292621,96.8081023954908,121.79411402066698
Phon Phisai,TH4305,2014,148.92607758620696,130.49140466531438,115.53874239350911,124.42323782961465,114.16285496957406,95.39260902636923,61.774670385395545,42.15874746450305,104.10854304006088,160.57336460446245,130.49140466531438,115.53874239350911,124.42323782961465,114.16285496957406,131.10901369168363,98.84690669371203,93.91199290060854,121.13218971855986
Si Chiang Mai,TH4307,2014,134.74443597560978,128.78246951219515,112.79481707317073,119.16890243902442,111.9440548780488,98.98559451219515,66.55533536585367,45.17393292682927,102.26869283536585,160.61067073170733,128.78246951219515,112.79481707317073,119.16890243902442,111.9440548780488,132.04146341463417,102.33971036585366,94.65403963414636,120.29201600609758
Sangkhom,TH4308,2014,131.40893854748606,128.22262569832404,113.35391061452513,118.70111731843575,110.86061452513968,98.03743016759776,67.231843575419,46.71564245810057,101.8165153631285,158.85363128491622,128.22262569832404,113.35391061452513,118.70111731843575,110.86061452513968,128.1354748603352,99.30698324022349,90.01731843575419,118.4314594972067
Sakhrai,TH4314,2014,127.53857965451056,131.0145873320537,116.15566218809981,122.24921305182342,114.67166986564301,96.45224568138197,62.676621880998084,41.430902111324365,101.52368522072935,162.63201535508637,131.0145873320537,116.15566218809981,122.24921305182342,114.67166986564301,130.80867562380035,102.89976967370441,98.85105566218809,122.41033109404991
Fao Rai,TH4315,2014,156.11656249999996,130.72164062499996,116.41664062499999,125.46359375,113.70992187499999,94.155078125,61.49382812499999,41.90406249999999,104.99766601562499,159.2102734375,130.72164062499996,116.41664062499999,125.46359375,113.70992187499999,129.64660156249997,96.99968749999998,92.4287109375,120.5746337890625
Rattanawapi,TH4316,2014,159.23734076433126,129.3704617834395,114.0475318471338,123.63065286624206,112.82109872611466,94.54506369426753,64.88662420382168,44.14976114649683,105.33606687898092,159.23734076433126,129.3704617834395,114.0475318471338,123.63065286624206,112.82109872611466,128.58837579617835,95.11886942675162,88.35851910828026,118.89660628980894
Pho Tak,TH4317,2014,130.01168224299064,128.94976635514018,113.99182242990653,119.59953271028037,113.29275700934578,98.91495327102805,66.5892523364486,44.91495327102804,102.03308995327104,161.28084112149534,128.94976635514018,113.99182242990653,119.59953271028037,113.29275700934578,131.3320093457944,102.25747663551402,94.192523364486,120.61209112149533
Mueang Phitsanulok,TH6501,2014,144.0351278195489,104.00356390977447,119.14345864661661,117.6992781954887,122.53527819548876,122.22655639097746,70.70470676691728,50.66547368421053,106.37668045112784,170.91445112781958,135.37984962406017,119.14345864661661,117.6992781954887,122.53527819548876,136.0994135338346,111.2331278195489,103.1881353383459,127.02412406015043
Nakhon Thai,TH6502,2014,147.84016230068335,131.49642653758542,118.89461845102505,116.75744589977222,118.89249715261957,108.38079441913439,67.7623861047836,51.60414293849658,107.70355922551256,165.9902904328018,132.57192482915718,118.89461845102505,116.75744589977222,118.89249715261957,132.95163724373577,105.20690489749428,98.65787300683371,123.74039898917997
Chat Trakan,TH6503,2014,165.04322422759253,132.25414499847048,117.21948608137046,115.6019271948608,119.34472315692872,111.78473539308656,68.20327317222392,46.96781890486386,109.55241664117467,165.4979504435607,132.54212297338637,117.21948608137046,115.6019271948608,119.34472315692872,132.73563780972776,106.48378709085348,96.30360966656468,123.21615555215662
Bang Rakam,TH6504,2014,144.17229724062733,97.57561016522683,118.81305040677682,116.82586597332885,122.09366770108193,126.72690598003857,64.04168413989767,41.84053510022645,104.0112020884005,169.09560513293633,135.24756353266795,118.81305040677682,116.82586597332885,122.09366770108193,133.94471190136707,111.97483016019456,102.74975257904889,126.3431309234253
Bang Krathum,TH6505,2014,135.80212713936433,102.63713936430315,121.37246943765277,118.65635696821512,123.00420537897307,123.23860635696816,72.91530562347188,46.97537897310513,105.57519865525671,171.37330073349634,136.5877750611247,121.37246943765277,118.65635696821512,123.00420537897307,136.25833740831294,111.45899755501222,104.37190709046453,127.88541870415646
Phrom Phiram,TH6506,2014,156.7323140071831,98.28008209338118,118.22160082093377,116.31151359671622,122.41985633658281,120.62810672139557,62.451339148281164,42.31483837865572,104.66995638789119,169.49908671113388,135.08513083632627,118.74188814776805,116.31151359671622,122.41985633658281,134.71003591585426,109.43362750128269,101.4786762442278,125.95997691123648
Wat Bot,TH6507,2014,157.35468235294118,116.31804705882354,119.04463529411765,117.09425882352944,121.59091764705884,117.92256470588237,70.83148235294121,52.716564705882355,109.10914411764708,168.1544941176471,134.08150588235296,119.04463529411765,117.09425882352944,121.59091764705884,134.8686823529412,108.67240000000002,101.23694117647062,125.5929794117647
Wang Thong,TH6508,2014,143.0392600623391,115.01258978181325,120.20407914351539,118.2268464561594,122.23653611600487,119.36079414554821,71.74983060035237,50.06499525680987,107.48686644531783,169.26544247187965,134.52484076433123,120.20407914351539,118.2268464561594,122.23653611600487,135.73191489361702,109.63614310882231,103.13213172516605,126.61974183493703
Noen Maprang,TH6509,2014,141.12022064617813,120.230133963751,122.47240346729707,118.88267927501973,121.84486997635932,118.66898345153665,68.29073286052011,24.406950354609926,104.489621749409,168.85081166272658,135.18739164696612,122.47240346729707,118.88267927501973,121.84486997635932,133.04980299448385,108.43011820330973,105.61304964539005,126.79139085894404
Mueang Phetchaburi,TH7601,2014,58.71535864978904,82.96080168776372,67.73008438818566,106.80848101265822,111.45670886075949,126.32594936708861,80.48789029535867,30.320337552742615,83.10070147679326,161.44620253164555,127.76734177215191,115.60189873417721,122.35430379746835,119.51472573839663,126.32594936708861,116.46561181434602,125.31835443037974,126.84929852320677
Khao Yoi,TH7602,2014,62.83988259668508,92.104385359116,69.12579419889504,104.60172651933703,111.79844613259671,124.7376726519337,77.83508287292815,30.443784530386733,84.18584685773479,159.49747928176797,124.50117403314918,111.83024861878451,118.66222375690609,116.84316298342542,124.7376726519337,114.83584254143645,123.0617403314917,124.24619302486188
Nong Ya Plong,TH7603,2014,57.781044600938976,81.06572769953051,58.013908450704236,93.4619718309859,103.38855633802818,121.57640845070424,76.0762323943662,30.044718309859157,77.67607100938967,155.5762323943662,119.74372065727702,106.51830985915494,114.2317488262911,113.1080985915493,121.57640845070424,111.23480046948357,118.02411971830986,120.00167987089203
Cha-Am,TH7604,2014,52.85469202149648,67.93489045059941,55.643737081438616,92.92885489871848,96.3638280281108,124.1700289375775,87.64175279040926,38.97875155022737,77.06456696982222,159.44737494832577,125.22496899545266,112.17325341050022,121.30636626705252,118.96031417941298,124.1700289375775,115.79454319966929,124.8954526663911,125.24653782554775
Tha Yang,TH7605,2014,51.71938232161875,68.36183883564078,55.42767128150516,93.40243166489174,96.30046148384811,122.99353922612715,83.33695420660275,34.31031238906639,75.7315739261626,157.560809371672,123.00669151579696,109.7047923322684,118.12806176783815,116.62971246006393,122.99353922612715,113.55906993255236,122.009176428825,122.94898162939299
Ban Lat,TH7606,2014,56.15952722063038,79.52872492836677,63.781160458452725,101.78896848137536,105.2525787965616,124.30021489971345,79.93681948424071,30.735386819484237,80.18542263610314,158.82793696275073,125.15995702005729,113.06891117478511,119.86289398280803,117.4337392550143,124.30021489971345,113.32478510028655,122.82722063037251,124.3507073782235
Ban Laem,TH7607,2014,62.29727685325266,88.7357034795764,71.2175491679274,111.16096822995462,116.59848714069594,127.3426626323752,79.43434190620275,29.54190620272315,85.79111195158852,162.5049924357035,129.18108925869896,117.29304084720123,123.68956127080186,120.73903177004541,127.3426626323752,119.25083207261727,125.84145234493194,128.23033282904692
Kaeng Krachan,TH7608,2014,50.997188175919256,69.58125450612835,52.86164383561644,90.9390771449171,94.52436914203318,121.17642393655375,79.19711607786591,33.2518385003605,74.06611391492432,154.88385003604907,119.43496755587603,106.14679163662582,113.99718817591928,114.11939437635186,121.17642393655375,110.74001441961069,118.63374188896903,119.89154650324443
Mueang Narathiwat,TH9601,2014,131.1541353383459,117.37744360902259,117.35939849624063,122.0338345864662,118.32030075187973,115.09624060150378,95.11503759398498,93.67067669172935,113.76588345864664,131.1541353383459,117.37744360902259,126.21804511278198,122.0338345864662,121.20676691729325,115.09624060150378,95.11503759398498,93.67067669172935,115.234022556391
Tak Bai,TH9602,2014,128.4347556245151,115.97370054305662,116.98510473235065,120.23700543056631,116.80473235065942,112.02164468580293,91.33188518231186,87.89930178432893,111.211016291699,128.4347556245151,115.97370054305662,122.57897595034912,120.23700543056631,118.57796741660202,112.02164468580293,91.33188518231186,87.89930178432893,112.13190457719162
Bacho,TH9603,2014,131.99282296650716,117.93301435406698,116.90287081339713,122.65215311004783,117.9444976076555,115.3129186602871,95.3066985645933,93.97033492822966,114.00191387559809,131.99282296650716,117.93301435406698,127.15215311004785,122.65215311004783,121.8248803827751,115.3129186602871,95.3066985645933,93.97033492822966,115.76812200956937
Yi-Ngo,TH9604,2014,131.76640926640928,117.82625482625483,116.99343629343632,122.76640926640927,118.2,115.10000000000001,95.2803088803089,94.42046332046333,114.04416023166024,131.76640926640928,117.82625482625483,127.26640926640925,122.76640926640927,121.6065637065637,115.10000000000001,95.2803088803089,94.42046332046333,115.75410231660231
Ra-Ngae,TH9605,2014,129.4,117.0,118.4,121.2,119.60000000000001,114.30000000000001,93.60000000000001,91.80000000000001,113.16250000000002,129.4,117.0,124.5,121.2,119.60000000000001,114.30000000000001,93.60000000000001,91.80000000000001,113.92500000000001
Rueso,TH9606,2014,,,,,,,,,,,,,,,,,,
Si Sakhon,TH9607,2014,,,,,,,,,,,,,,,,,,
Waeng,TH9608,2014,,,,,,,,,,,,,,,,,,
Sukhirin,TH9609,2014,,,,,,,,,,,,,,,,,,
Su-Ngai Kolok,TH9610,2014,127.45827814569537,114.99006622516559,120.89602649006625,118.453642384106,117.64834437086095,110.6403973509934,89.63178807947023,85.63178807947023,110.66879139072849,127.45827814569537,114.99006622516559,121.23576158940398,118.453642384106,117.64834437086095,110.6403973509934,89.63178807947023,85.63178807947023,110.71125827814572
Su-Ngai Padi,TH9611,2014,,,,,,,,,,,,,,,,,,
Chanae,TH9612,2014,,,,,,,,,,,,,,,,,,
Cho-Airong,TH9613,2014,,,,,,,,,,,,,,,,,,
Mueang Pathum Thani,TH1301,2014,85.71538461538461,108.61005917159764,89.55384615384615,122.38343195266273,118.75917159763314,123.61301775147929,62.778698224852064,50.41715976331361,95.22884615384616,161.0,129.03727810650886,121.97218934911244,122.38343195266273,118.75917159763314,123.61301775147929,107.30650887573967,115.18579881656805,124.90717455621302
Khlong Luang,TH1302,2014,97.42440838404329,119.08965517241379,96.42508451656524,123.22481406355645,119.10297498309666,123.68438133874238,66.29763353617308,57.11440162271804,100.29541920216364,161.38262339418526,129.2968221771467,123.489384719405,123.22481406355645,119.10297498309666,123.68438133874238,107.33421230561189,114.92738336713995,125.30532454361052
Thanyaburi,TH1303,2014,105.40892448512584,125.0732265446224,103.07254004576657,124.13684210526314,119.16361556064072,123.40503432494278,70.89405034324943,63.92128146453089,104.38443935926773,161.30297482837526,129.14965675057203,123.47322654462242,124.13684210526314,119.16361556064072,123.40503432494278,107.1228832951945,114.85858123569794,125.32660183066359
Nong Suea,TH1304,2014,105.7242002781641,124.45168289290683,103.8754659248957,123.6320445062587,119.21554937413076,123.58828929068153,70.31972183588317,61.67944367176634,104.0607997218359,161.4540472878999,129.2697913769124,123.61026425591099,123.6320445062587,119.21554937413076,123.58828929068153,107.4671766342142,114.3029485396384,125.31751390820584
Lat Lum Kaeo,TH1305,2014,84.66274416388758,101.99228203906623,86.27994282991902,121.24359218675562,118.45936160076226,123.80728918532637,59.85907575035732,46.85388280133397,92.89477131967605,160.93001429252024,128.7949976179133,120.86317293949502,121.24359218675562,118.45936160076226,123.80728918532637,108.08880419247262,114.3690328727966,124.56953311100527
Lam Luk Ka,TH1306,2014,103.95476344782891,123.96163318211276,101.50362929358394,124.54951393389501,119.31192482177579,123.71801685029166,71.78898250162023,64.05191186001296,104.10504698639016,161.1953337653921,129.17349319507454,123.5206740116656,124.54951393389501,119.31192482177579,123.71801685029166,108.43233959818535,115.47336357744656,125.67183246921583
Sam Khok,TH1307,2014,86.86555023923445,108.3574162679426,88.56842105263158,122.03014354066985,118.68947368421053,123.89186602870815,61.83444976076555,49.609090909090924,94.9808014354067,161.46459330143546,129.71387559808613,121.9818181818182,122.03014354066985,118.68947368421053,123.89186602870815,108.26746411483256,114.50717703349284,125.06830143540671
Mueang Chanthaburi,TH2201,2014,156.60407407407408,120.25333333333334,112.49037037037039,123.54703703703703,119.03037037037036,126.62703703703706,94.93925925925926,79.63666666666668,116.64101851851854,156.60407407407408,120.25333333333334,112.49037037037039,123.54703703703703,119.03037037037036,126.62703703703706,116.48925925925926,127.05777777777777,125.2624074074074
Khlung,TH2202,2014,155.4119411431806,119.20503678551219,111.97023203169216,123.20673457838144,118.17475947934355,125.51578947368422,95.01607243916244,79.80028296547822,116.03760611205433,155.4119411431806,119.20503678551219,111.97023203169216,123.20673457838144,118.17475947934355,125.51578947368422,114.13955857385402,126.66717600452746,124.28640350877193
Tha Mai,TH2203,2014,154.06872586872586,121.076833976834,113.7011583011583,124.18091560948703,119.63535576392718,126.577054605626,90.72879205736349,76.61798124655267,115.82335217870934,157.04897959183674,121.076833976834,113.7011583011583,124.18091560948703,119.63535576392718,126.577054605626,113.55129619415332,124.90441257584116,125.08450082735797
Pong Nam Ron,TH2204,2014,147.33471219085138,122.15732107682204,114.90903917706282,122.75729919019481,118.09198949441888,122.19190194790986,84.60420223243601,67.52468811556137,112.44639417815714,154.33070693806084,122.15732107682204,114.90903917706282,122.75729919019481,118.09198949441888,122.19190194790986,108.38113372729264,113.4750273582841,122.03680236375578
Makham,TH2205,2014,155.92353971962618,120.47903037383178,112.99924065420562,123.16582943925233,118.59117990654207,125.53282710280375,90.11950934579438,74.82120327102804,115.20404497663552,155.92353971962618,120.47903037383178,112.99924065420562,123.16582943925233,118.59117990654207,125.53282710280375,111.95934579439253,121.65776869158879,123.78859521028038
Laem Sing,TH2206,2014,156.8,120.10000000000001,112.4,123.7,119.2,127.10000000000001,98.60000000000001,83.80000000000001,117.71250000000003,156.8,120.10000000000001,112.4,123.7,119.2,127.10000000000001,119.10000000000001,131.0,126.17500000000003
Soi Dao,TH2207,2014,140.7098650201034,122.6887421022401,116.31375646180358,122.90315910396326,118.68976163124641,122.91311028144744,83.00649052268811,67.09582136703045,111.79008831131533,154.56352670878806,122.6887421022401,116.31375646180358,122.90315910396326,118.68976163124641,122.91311028144744,108.5037478460655,113.95419299253301,122.56624964101093
Kaeng Hang Maeo,TH2208,2014,143.91870629370632,122.23374125874129,114.96083916083916,123.42307692307693,119.16503496503496,124.72062937062937,84.39685314685315,70.11451048951051,112.86667395104897,155.6840909090909,122.23374125874129,114.96083916083916,123.42307692307693,119.16503496503496,124.72062937062937,109.04230769230769,118.56083916083918,123.47381993006994
Na Yai Am,TH2209,2014,151.46575073601574,121.93631010794897,114.27909715407262,125.17271835132485,120.36329735034347,127.52551521099117,92.56241413150147,79.00137389597646,116.53830961727185,158.24484789008832,121.93631010794897,114.27909715407262,125.17271835132485,120.36329735034347,127.52551521099117,115.04052993130522,127.88891069676154,126.30640333660452
Khao Khitchakut,TH2210,2014,151.162181663837,121.22219864176571,113.84775042444824,122.78798811544993,118.62474533106962,124.50734295415963,85.75874363327674,71.54308149405773,113.68175403225808,155.4760611205433,121.22219864176571,113.84775042444824,122.78798811544993,118.62474533106962,124.50734295415963,109.25373514431242,119.23268251273345,123.11906303056027
Mueang Surin,TH3201,2014,112.39098506401133,143.31316678520616,136.30857041251778,134.79168741109527,131.8318456614509,115.6176564722617,77.15607219061162,60.948035206258865,114.04475240042673,174.44969772403985,143.32921408250348,136.30857041251778,134.79168741109527,131.8318456614509,138.2291963015647,119.04084281650066,128.65395625889042,138.32937633357037
Chumphon Buri,TH3202,2014,115.9880005166624,141.66883234306385,138.2518341513821,135.50731077241022,131.51566778610177,110.673417721519,73.99775251872902,57.09266339447173,113.08693490054252,176.76242572978555,146.2287135107208,138.2518341513821,135.50731077241022,131.51566778610177,138.47996641694652,118.15282872642724,127.49773960216997,139.04956083699307
Tha Tum,TH3203,2014,110.8961713419257,144.8698382613091,137.83589840788474,135.83277735658325,131.6060652009098,111.17484205205966,75.03372504422542,59.188286580743,113.30470053070506,176.49211523881726,144.8698382613091,137.83589840788474,135.83277735658325,131.6060652009098,139.54157189790237,120.3216072782411,129.45783421784176,139.4947134824362
Chom Phra,TH3204,2014,112.6416752312436,144.22340698869476,137.91079136690647,135.31020041109971,131.62684994861257,112.2674717368962,75.58394141829395,59.68134635149024,113.65571043165465,176.3849434737924,144.22340698869476,137.91079136690647,135.31020041109971,131.62684994861257,138.37178828365876,119.35041109969167,129.39835560123333,139.07209339671118
Prasat,TH3205,2014,108.70898466033599,141.70679327976634,134.86702885317754,134.08704346238127,131.13833089846597,119.23146457268078,79.62805880204529,62.33351899196493,113.96265294010226,172.78179327976628,142.2251369612857,134.86702885317754,134.08704346238127,131.13833089846597,136.66477355734108,119.24600073046017,125.70804419284143,137.08976899196495
Kap Choeng,TH3206,2014,109.40737373737377,139.40058080808083,131.35631313131313,132.50510101010101,130.0037878787879,120.19088383838384,80.16128787878789,63.7069696969697,113.34153724747479,169.98901515151522,139.40058080808083,131.35631313131313,132.50510101010101,130.0037878787879,135.71712121212124,118.65752525252525,124.47318181818181,135.2628282828283
Rattanaburi,TH3207,2014,107.59420756234917,143.47632743362834,135.27872083668547,135.5058930008045,130.7015486725664,110.66896621078038,75.37222445695897,60.971922767498015,112.44622636765895,175.7196098149639,143.47632743362834,135.27872083668547,135.5058930008045,130.7015486725664,140.2597747385358,121.11347546259051,130.64171359613835,139.08713294448918
Sanom,TH3208,2014,109.10487068965517,143.076724137931,136.33948275862068,134.8526724137931,130.9646120689655,111.67999999999999,75.78241379310343,61.23603448275861,112.87960129310345,174.92172413793102,143.076724137931,136.33948275862068,134.8526724137931,130.9646120689655,138.77952586206897,120.01431034482758,130.8901724137931,138.72990301724136
Sikhoraphum,TH3209,2014,108.7475097493036,142.30102506963783,134.32500278551532,133.88349860724236,131.00967130919216,114.25806128133704,77.09204456824513,62.129504178272974,112.96828969359333,173.75595543175484,142.30102506963783,134.32500278551532,133.88349860724236,131.00967130919216,138.9033983286908,119.77110863509752,130.72350974930353,138.08414623955434
Sangkha,TH3210,2014,107.34571028238848,139.466048717396,131.05236042250493,132.87281741754686,130.05602500538913,118.30442983401596,79.89039663720632,63.691302004742404,112.83488629014876,170.4743479198103,139.466048717396,131.05236042250493,132.87281741754686,130.05602500538913,137.57732269885756,120.03360638068548,127.74026729898686,136.15909948264718
Lamduan,TH3211,2014,108.95420386904766,141.07332589285718,134.1137648809524,133.7318080357143,130.88452380952384,117.45632440476192,78.30840773809526,63.091406250000006,113.45172061011907,171.96223958333337,141.07332589285718,134.1137648809524,133.7318080357143,130.88452380952384,138.10200892857145,118.61752232142857,128.81205357142858,137.1621558779762
Samrong Thap,TH3212,2014,106.93782926055222,141.83576642335765,133.4241827991114,134.1692478578229,130.603744842907,112.97254839733418,77.23789273246588,62.51913678197399,112.46254363694068,173.38276737543637,141.83576642335765,133.4241827991114,134.1692478578229,130.603744842907,139.30057124722313,120.94776261504285,131.47848302126312,138.1428157727706
Buachet,TH3213,2014,105.44252021563341,138.03712938005393,128.83130053908357,132.12951482479784,128.9652291105121,118.3313342318059,81.09750673854448,63.79528301886791,112.0787272574124,169.67611185983827,138.03712938005393,128.83130053908357,132.12951482479784,128.9652291105121,136.93524258760107,120.92382075471696,126.48763477088947,135.24824797843667
Phanom Dong Rak,TH3214,2014,112.00589512876203,138.35609680421967,132.8774123487434,132.790195470059,130.01874030406458,120.25513496742165,79.93264039714552,63.61017685386287,113.73078653428485,170.23456407074156,140.96565311821283,132.8774123487434,132.790195470059,130.01874030406458,134.08926466025443,117.58690660874962,122.58575860999073,135.14356189885203
Si Narong,TH3215,2014,107.1493642896628,139.9223880597015,132.03933112216694,133.57694859038142,130.43211719181866,116.295688225539,79.39427860696519,63.133278054173566,112.7429242675511,171.70223880597015,139.9223880597015,132.03933112216694,133.57694859038142,130.43211719181866,138.91868435599775,121.8029850746269,130.31973466003316,137.3393034825871
Khwao Sin Rin,TH3216,2014,112.07652129817444,144.08073022312374,136.9638945233266,134.7408722109533,131.85202839756593,113.32053752535498,76.06328600405678,60.72981744421907,113.72846095334687,175.55709939148073,144.08073022312374,136.9638945233266,134.7408722109533,131.85202839756593,138.18062880324544,119.05015212981743,130.0830121703854,138.8135522312373
Non Narai,TH3217,2014,108.10882663847778,142.07214587737843,134.36020084566596,134.85359408033824,130.53964059196616,111.32119450317121,76.82082452431288,61.91680761099366,112.49915433403805,174.1357822410148,142.07214587737843,134.36020084566596,134.85359408033824,130.53964059196616,138.98789640591963,121.79075052854121,131.61601479915433,138.54450317124733
Mueang Si Sa Ket,TH3301,2014,103.76765169424743,138.09580378250593,128.8269109535067,133.60786052009453,129.20157604412924,111.00088652482269,78.5681048069346,64.56826241134753,110.95463209219858,171.73081166272655,138.09580378250593,128.8269109535067,133.60786052009453,129.20157604412924,139.7398936170213,124.21560283687944,134.14586288416078,137.44554028762803
Yang Chum Noi,TH3302,2014,103.57562651576393,138.7054567502021,129.95440582053354,134.5156022635408,129.2187146321746,109.22267582861764,76.77772837510103,62.918067906224735,110.6110347615198,172.66572352465644,138.7054567502021,129.95440582053354,134.5156022635408,129.2187146321746,140.1132174616006,123.9631366208569,133.87012934518998,137.87579830234438
Kanthararom,TH3303,2014,102.37077519379842,136.7726976744186,127.32322480620157,133.1000775193798,128.55026356589147,109.83688372093023,77.36342635658913,63.07105426356589,109.79855038759689,172.310992248062,136.7726976744186,127.32322480620157,133.1000775193798,128.55026356589147,140.48806201550383,123.88483720930233,132.97646511627906,136.92582751937985
Kantharalak,TH3304,2014,97.89459956236323,133.61247264770242,124.00139168490155,131.385330415755,126.8945557986871,117.0536280087528,83.38210065645517,63.959282275711175,109.77292013129104,169.02763238512037,133.61247264770242,124.00139168490155,131.385330415755,126.8945557986871,139.89010065645516,125.86163676148801,129.59080087527354,135.03299015317288
Khukhan,TH3305,2014,102.34161304161306,136.76919776919772,128.27251179751178,132.46947661947658,129.14740454740456,115.72901115401113,81.0229086229086,64.07763835263832,111.22872023809526,170.47722007722007,136.76919776919772,128.27251179751178,132.46947661947658,129.14740454740456,139.38056628056628,123.7908622908623,130.95703560703558,136.40803437365943
Phrai Bueng,TH3306,2014,101.48758662247666,135.56749020789394,126.62280807472132,132.2515516721904,128.67086471828867,114.88833986140403,80.42220548357939,64.85152154263332,110.59529602289848,169.93856583308227,135.56749020789394,126.62280807472132,132.2515516721904,128.67086471828867,139.72982826152457,122.85248568846038,131.74308526664657,135.922084965351
Prang Ku,TH3307,2014,105.04653994019648,139.61623237932506,131.08045706962832,133.34756514310124,130.04540794532252,115.06215292609994,79.21253737718924,63.674434002563,112.13566584792822,172.02449807774454,139.61623237932506,131.08045706962832,133.34756514310124,130.04540794532252,139.75100384451088,122.41266552755236,131.91018795386586,137.52350224263137
Khun Han,TH3308,2014,99.47751895991337,134.85801733477788,125.47526182737454,131.44093535572415,127.6605453232214,116.83154568436261,82.11914048392924,64.08501263994222,110.24349720115566,169.47231852654392,134.85801733477788,125.47526182737454,131.44093535572415,127.6605453232214,139.2907908992416,123.68022751895995,129.00843264716508,135.1108161791261
Rasi Salai,TH3309,2014,104.52225690276106,140.75298919567828,132.0446098439376,135.16300120048018,129.49853541416564,109.239543817527,75.37464585834333,61.7650420168067,111.04507803121247,174.0017286914766,140.75298919567828,132.0446098439376,135.16300120048018,129.49853541416564,140.42189675870347,122.335150060024,132.44367346938776,138.3326980792317
Uthumphon Phisai,TH3310,2014,105.19197415051075,139.52830936001666,131.05709818636652,134.38680425265787,129.6315196998124,111.02022097144051,77.59028559516362,63.50018761726079,111.48829997915365,172.27021054825934,139.52830936001666,131.05709818636652,134.38680425265787,129.6315196998124,139.27694392328536,122.90948509485096,133.42614133833646,137.8108140504482
Bueng Bun,TH3311,2014,106.11130298273157,141.56043956043953,132.8010989010989,135.38383045525902,130.24474097331242,110.00675039246468,76.37943485086343,62.43547880690739,111.86538461538461,174.64050235478808,141.56043956043953,132.8010989010989,135.38383045525902,130.24474097331242,139.58540031397177,122.54521193092621,132.60408163265305,138.67066326530613
Huai Thap Than,TH3312,2014,105.75313910545758,140.6129257283546,131.77160443167833,134.17804677882646,130.3073040623718,112.65794009027493,78.52433319655316,63.18695116947069,112.12403057037345,172.85650389823562,140.6129257283546,131.77160443167833,134.17804677882646,130.3073040623718,139.15658596635205,123.34534263438658,132.72137874435788,138.11871153057044
Non Khun,TH3313,2014,100.28062375580625,134.7303583278036,125.24883875248837,132.43812209688122,128.0128069011281,112.63321167883214,80.38251493032517,63.43032514930325,109.64460019907102,170.5509289980093,134.7303583278036,125.24883875248837,132.43812209688122,128.0128069011281,140.47365627073657,125.71629064366293,132.35414731254147,136.19064366290644
Si Rattana,TH3314,2014,101.36322484100262,134.83864571642349,125.53714927048263,132.2418256640479,128.28163112607555,114.52038907594464,80.55529367751592,65.35559296670407,110.33671904227464,169.7211372989151,134.83864571642349,125.53714927048263,132.2418256640479,128.28163112607555,140.24025439580996,123.47070707070706,132.5418256640479,135.8591470258137
Nam Kliang,TH3315,2014,102.42725509214354,134.95577109602328,125.81215648237959,132.4070158422244,128.3797284190107,112.63339799547367,80.44878758486907,65.12764306498545,110.27396944713871,170.37536372453928,134.95577109602328,125.81215648237959,132.4070158422244,128.3797284190107,140.20161655350793,125.2034917555771,133.36084707403816,136.33699886841254
Wang Hin,TH3316,2014,103.66788674033151,137.55500690607738,128.72303176795586,133.23984806629838,129.45048342541438,113.14661602209948,79.39485497237571,64.53442679558012,111.21401933701661,171.36840469613264,137.55500690607738,128.72303176795586,133.23984806629838,129.45048342541438,139.90300414364643,123.91070441988954,133.59437154696136,137.21810687154695
Phu Sing,TH3317,2014,102.61370491803284,136.7625573770492,127.61524590163937,131.7713442622951,128.54786885245903,117.78629508196722,81.93209836065576,63.24396721311478,111.28413524590168,169.46813114754102,136.7625573770492,127.61524590163937,131.7713442622951,128.54786885245903,137.76377049180329,122.7358360655738,126.52852459016395,135.1491598360656
Mueang Chan,TH3318,2014,106.51730569948187,140.52093264248705,132.23098445595855,134.83316062176166,130.24414507772025,110.92414507772024,77.33647668393783,62.580932642487056,111.8985103626943,173.20746113989642,140.52093264248705,132.23098445595855,134.83316062176166,130.24414507772025,139.04559585492225,123.18725388601037,132.42891191709845,138.2123056994819
Benchalak,TH3319,2014,98.9371646120377,133.96105873821605,124.49960116026102,132.07759245830306,127.59292965917328,114.60862944162436,81.74873096446699,63.62548948513414,109.63139956490208,170.34010152284262,133.96105873821605,124.49960116026102,132.07759245830306,127.59292965917328,140.53245105148656,125.94807831762148,131.53999274836838,135.81147570703405
Phayu,TH3320,2014,103.0199587416194,135.525219185147,126.76823104693143,132.56240330067044,128.85090252707582,112.69396596183603,79.72841670964415,65.38308406395049,110.56652269210933,170.21000515729762,135.525219185147,126.76823104693143,132.56240330067044,128.85090252707582,139.5041774110366,123.63862815884477,133.60624033006704,136.33322588963384
Pho Si Suwan,TH3321,2014,106.31156412157151,140.6329873980726,132.27650111193478,135.07976278724982,130.07175685693105,110.26797627872497,77.11534469977761,62.503335804299475,111.78240363232024,173.54084507042253,140.6329873980726,132.27650111193478,135.07976278724982,130.07175685693105,139.14581171237953,123.33995552260933,132.52987398072645,138.32718680504078
Sila Lat,TH3322,2014,105.40499390986601,141.5262484774665,133.36753958587087,135.33818514007308,129.74494518879413,109.40736906211934,72.94585870889158,60.895858708891595,111.07887484774663,174.59987819732035,141.5262484774665,133.36753958587087,135.33818514007308,129.74494518879413,142.29908647990254,119.55249695493302,131.1848964677223,138.45165956151035
Mueang Udon Thani,TH4101,2014,123.49842153284676,132.87774635036502,119.15974452554751,125.48923357664233,117.82415145985405,97.06416058394166,60.85225364963506,36.92699817518249,101.71158873175186,165.5995255474453,132.87774635036502,119.15974452554751,125.48923357664233,117.82415145985405,131.81604014598537,104.93844890510951,103.83479927007302,125.19246122262773
Kut Chap,TH4102,2014,115.40622972096041,131.67064676616917,118.34600908500974,123.70097339390011,116.66311918667532,98.80770062729829,63.68888167856371,39.66530391520658,100.99360804672288,165.27454034176944,131.67064676616917,118.34600908500974,123.70097339390011,116.66311918667532,130.93060783041315,104.20668397144709,101.01282716850531,123.97567596798613
Nong Wua So,TH4103,2014,114.19405776515153,133.38989109848487,120.52303503787881,124.98562973484846,117.9142518939394,98.10620265151513,64.11427556818181,43.826775568181816,102.13176491477272,166.83589015151514,134.31041666666667,120.52303503787881,124.98562973484846,117.9142518939394,129.14322916666663,104.33330965909092,103.01363636363637,125.1324248342803
Kumphawapi,TH4104,2014,110.0094690383844,134.9939012973118,122.90312959743213,127.72038250635283,120.55467433462617,97.78899291159556,61.73775578440553,43.01570148455263,102.34050086933264,168.29693727430794,134.9939012973118,122.90312959743213,127.72038250635283,120.55467433462617,133.81051223752843,106.9482278988899,111.18088805670725,128.30108165039456
Non Sa-At,TH4105,2014,108.3298605240913,135.82926880811496,124.01948436179205,126.82688081149617,120.69463229078615,98.68197379543533,63.56999154691462,45.93763736263735,102.98621618765847,169.12595097210476,135.82960693152998,124.01948436179205,126.82688081149617,120.69463229078615,133.08586221470838,107.48670752324595,112.19926035502955,128.65854818258666
Nong Han,TH4106,2014,121.24542232722979,133.86826934435913,120.54606024808037,127.7660838747785,118.83031305375073,96.02516243354991,58.68012994683995,34.10035440047253,101.38272445363259,165.7954636739516,133.86826934435913,120.54606024808037,127.7660838747785,118.83031305375073,133.5202362669817,104.86728883638511,107.52826934435912,126.59024808033077
Thung Fon,TH4107,2014,127.11467671558906,133.8409758032527,119.26453788179293,127.74522015073386,117.63034510115034,95.42772709242364,57.563585878619584,30.7330821102737,101.16501884172946,164.1629512098374,133.8409758032527,119.26453788179293,127.74522015073386,117.63034510115034,133.52590241967474,103.74188813962714,105.62629908766364,125.69226497421657
Chai Wan,TH4108,2014,113.88824499411075,134.17528857479388,121.11995288574796,127.80183745583041,119.37898704358068,95.49759717314488,60.51952885747941,43.15731448763251,101.94234393404005,167.57168433451125,134.17528857479388,121.11995288574796,127.80183745583041,119.37898704358068,133.7209187279152,106.19462897526505,111.18113074204949,127.64305359246177
Si That,TH4109,2014,107.50736215060336,135.39162975408587,123.3171376202841,128.02336948220557,120.67666106613714,96.85984420345198,63.41655720177182,47.607789827401874,102.85004391324271,169.44570032075757,135.39162975408587,123.3171376202841,128.02336948220557,120.67666106613714,134.28878875820988,109.01144035436077,115.35095463571102,129.438210248969
Wang Sam Mo,TH4110,2014,109.18880682541707,134.8626130141347,122.35353368139562,128.14793072711066,121.06098306379727,95.4680886285496,62.45321533172036,49.625251496243465,102.8950528460461,169.72912262829493,134.8626130141347,122.35353368139562,128.14793072711066,121.06098306379727,134.29589965618234,107.53335031198266,115.95641156246022,129.24248058066982
Ban Dung,TH4111,2014,138.32472075869333,133.43134878819805,117.87114857744994,126.55421496311911,115.95465753424655,95.01543730242358,58.9491043203372,38.48814541622761,103.07359720758694,162.53293993677556,133.43134878819805,117.87114857744994,126.55421496311911,115.95465753424655,132.63723919915702,101.24485774499472,99.81465753424656,123.75513303477348
Ban Phue,TH4117,2014,121.19510056238677,130.77077494995703,116.53406729577729,121.37277666571345,114.40660566199597,97.86869697836238,65.03677437803829,42.40260223048327,101.19842484033931,163.78900962729944,130.77077494995703,116.53406729577729,121.37277666571345,114.40660566199597,129.32209512915827,103.05267372033167,97.52856734343717,122.09707129920882
Nam Som,TH4118,2014,126.11637685741384,128.85207081884292,115.45033196332597,119.47110338286437,112.56070186531774,98.78988302244703,67.831394245969,47.004773948782805,102.00957951312044,162.20044261776798,128.85207081884292,115.45033196332597,119.47110338286437,112.56070186531774,127.01811571293078,101.05371482769523,94.81814732848564,120.1780785646538
Phen,TH4119,2014,132.56173688736024,132.14863857838924,116.8966179421037,124.50398394955576,115.29092385592814,95.68642399923564,60.09606381962354,39.093312314894405,102.03471266838633,163.48849718161836,132.14863857838924,116.8966179421037,124.50398394955576,115.29092385592814,131.84191267794014,102.43089710518771,99.49836629406705,123.26247969809879
Sang Khom,TH4120,2014,138.6022048846676,131.59043419267303,115.97059023066488,124.5905020352782,115.35030529172325,95.82798507462688,60.47279511533245,40.581987788331084,102.87335057666216,162.50220488466763,131.59043419267303,115.97059023066488,124.5905020352782,115.35030529172325,132.664789687924,101.08507462686566,96.79928765264587,122.56914857530529
Nong Saeng,TH4121,2014,115.5955820207453,134.5387629658087,121.19373799462163,125.98908951210144,119.16938148290437,97.33976181329236,62.13657318478678,43.69154821359971,102.45680464848253,168.1113714944296,134.5387629658087,121.19373799462163,125.98908951210144,119.16938148290437,131.0544756050711,105.07514406454096,107.5215136381099,126.58168459469842
Na Yung,TH4122,2014,128.881875,127.674375,114.81062500000002,118.31812500000002,111.38750000000003,98.308125,67.54375,47.371875,101.78703125000001,160.354375,127.674375,114.81062500000002,118.31812500000002,111.38750000000003,126.04125000000002,99.52312500000001,92.51062500000002,118.8275
Phibun Rak,TH4123,2014,128.33305921052636,133.97828947368424,119.0003700657895,127.25567434210527,117.23972039473688,95.32323190789475,57.68544407894738,32.150986842105276,101.3708470394737,164.78252467105267,133.97828947368424,119.0003700657895,127.25567434210527,117.23972039473688,132.31463815789473,103.11451480263159,103.43745888157896,125.14039884868424
Ku Kaeo,TH4124,2014,111.47897545357525,134.08345784418356,122.01275346851654,128.3397011739594,120.11131270010671,96.55581643543223,60.85453575240129,43.288794023479184,102.09066835645677,167.51616862326577,134.08345784418356,122.01275346851654,128.3397011739594,120.11131270010671,134.3120597652081,106.22075773745999,110.78143009605124,127.92220517609394
Prachaksinlapakhom,TH4125,2014,118.12903402854009,133.4428649835346,121.72338090010979,127.66657519209662,119.73243688254666,97.75400658616906,59.65268935236005,36.46509330406147,101.8207601536773,166.65510428100993,133.4428649835346,121.72338090010979,127.66657519209662,119.73243688254666,134.9754116355653,105.71575192096599,108.89879253567508,127.35128979143799
Mueang Roi Et,TH4501,2014,107.6714182692308,141.72704326923082,133.42264423076924,134.90319711538461,129.41329326923082,105.57204326923079,67.43394230769233,55.65235576923078,109.47449218750003,174.7288221153847,141.72704326923082,133.42264423076924,134.90319711538461,129.41329326923082,142.16370192307696,114.34512019230772,127.25879807692311,137.2453275240385
Kaset Wisai,TH4502,2014,109.6063593932322,144.26612602100346,137.03696616102684,135.87932322053675,130.94236872812135,109.33273045507583,71.51037339556594,57.46770128354725,112.0052435822637,176.12899649941653,144.26612602100346,137.03696616102684,135.87932322053675,130.94236872812135,140.92467911318553,117.05101516919488,128.73687281213532,138.8707934655777
Pathum Rat,TH4503,2014,110.97989531287178,143.4880799428979,136.86440637639782,135.2834166071854,130.70209374256487,108.73733047822986,71.23568879371877,55.60528194147039,111.6120241494171,175.92200808945992,143.75757792053295,136.86440637639782,135.2834166071854,130.70209374256487,139.80682845586486,116.28098976921247,126.97156792767073,138.1986111111111
Chaturaphak Phiman,TH4504,2014,107.140742814483,142.86319522209783,135.6178611422173,135.51185143710342,130.0201194475551,107.1885778275476,68.85395670026128,55.62290033594625,110.35240061590149,175.7773609555805,142.86319522209783,135.6178611422173,135.51185143710342,130.0201194475551,141.90059723777534,115.29244120940652,127.3444008958567,138.04097844344912
Thawat Buri,TH4505,2014,107.37409518381305,142.33941293815903,133.52884012539184,135.5649187802793,129.36565973211742,105.96497577657455,68.04505557138786,56.90966087204334,109.88657737247078,175.59310344827585,142.33941293815903,133.52884012539184,135.5649187802793,129.36565973211742,143.59877457965234,115.40695354801937,128.02405243659166,137.92771444856086
Phanom Phrai,TH4506,2014,104.50072727272727,141.85721212121211,133.23857575757575,135.50312121212121,129.34651515151515,108.01530303030304,71.11839393939391,59.318999999999996,110.36235606060603,175.73469696969696,141.85721212121211,133.23857575757575,135.50312121212121,129.34651515151515,143.37775757575756,118.4172424242424,129.56675757575755,138.38023484848483
Phon Thong,TH4507,2014,104.28642652374427,138.34524492085265,129.85733516141096,133.79034027171883,127.18869500186966,101.31473264364952,67.77894802442978,60.285404462171265,107.85589087623083,173.34728904399853,138.34524492085265,129.85733516141096,133.79034027171883,127.18869500186966,140.60629440358971,114.41789854169265,127.38461921974327,135.6172145706095
Pho Chai,TH4508,2014,105.33594983743613,139.18757547607996,130.58276823037625,133.74914073385978,127.41746400371579,102.19328843474221,67.17271249419417,59.343590339061784,108.1228111936833,173.2854156990246,139.18757547607996,130.58276823037625,133.74914073385978,127.41746400371579,141.49110543427776,113.60898745935904,127.8982814677195,135.90259231305157
Nong Phok,TH4509,2014,100.8560598334183,136.1453340132585,127.39394866564676,132.17829338772734,126.05580486146523,99.95220125786165,66.6299337072922,59.232500424953265,106.0555095189529,172.8152303246642,136.1453340132585,127.39394866564676,132.17829338772734,126.05580486146523,140.04999150093485,114.52296447390789,126.67729049804518,134.47985721570623
Selaphum,TH4510,2014,103.62428970656728,140.7017349790405,131.54632044713554,134.90094317652535,128.4799487657196,105.05634606427573,68.588344201211,58.45960642757336,108.91969172100603,174.89137168141593,140.7017349790405,131.54632044713554,134.90094317652535,128.4799487657196,143.43699347927335,115.80962971588265,128.09734513274333,137.23303592221703
Suwannaphum,TH4511,2014,107.69872984316326,143.77387894853103,136.3551579412415,136.2256019438922,130.6799536116633,109.78621603711065,72.22874972387893,59.594576982549164,112.04285812900376,175.67760106030485,143.77387894853103,136.3551579412415,136.2256019438922,130.6799536116633,142.36858846918486,118.41689860834988,130.534216920698,139.25398718798323
Mueang Suang,TH4512,2014,107.4304347826087,143.0938775510204,135.6285714285714,136.38456078083408,130.17027506654836,108.41047027506653,69.75980479148181,58.15661047027507,111.1293256433008,175.20470275066552,143.0938775510204,135.6285714285714,136.38456078083408,130.17027506654836,143.5651286601597,116.45652173913044,130.0167701863354,138.81505102040813
Phon Sai,TH4513,2014,106.95582617000957,143.4744030563515,135.226217765043,135.95983763132762,130.48638968481376,110.54660936007645,73.50415472779372,60.7365807067813,112.11125238777463,175.7532951289399,143.4744030563515,135.226217765043,135.95983763132762,130.48638968481376,142.87234957020058,119.7523877745941,130.7873925501433,139.28903414517674
At Samat,TH4514,2014,106.40853092783506,142.30180412371138,133.7674484536083,135.89278350515463,129.60569587628865,107.54268041237115,69.51340206185569,57.80360824742269,110.35449420103093,175.55335051546393,142.30180412371138,133.7674484536083,135.89278350515463,129.60569587628865,143.66280927835052,116.53690721649485,128.4898195876289,138.2263273195876
Moei Wadi,TH4515,2014,102.24936708860758,136.53398247322295,127.68860759493666,132.72711781888992,126.35175267770202,99.67891918208373,67.16421616358323,60.494206426484894,106.61102117818889,172.2092015579357,136.53398247322295,127.68860759493666,132.72711781888992,126.35175267770202,139.92960077896785,114.28456669912363,126.67190847127554,134.54959225900677
Si Somdet,TH4516,2014,106.6890358126722,141.4090358126722,133.22330578512396,134.51234159779617,129.20253443526173,104.57294765840221,67.81283746556475,54.755702479338844,109.02221763085399,174.36606060606064,141.4090358126722,133.22330578512396,134.51234159779617,129.20253443526173,140.22617079889807,114.5569696969697,126.23096418732784,136.7159228650138
Changhan,TH4517,2014,105.89256786826881,142.75669781931464,133.43658210947933,135.1441032487762,129.22968402314197,105.27952825990211,66.80186915887852,55.716866933689374,109.28223742768137,175.74953271028042,142.75669781931464,133.43658210947933,135.1441032487762,129.22968402314197,144.02060525144637,114.30774365821098,127.04481530930131,137.71122051624388
Chiang Khwan,TH4518,2014,106.0480527638191,142.07657035175882,133.3764447236181,135.3003140703518,129.3027010050251,105.44038944723617,67.25320351758793,57.20320351758794,109.50010992462312,175.98473618090452,142.07657035175882,133.3764447236181,135.3003140703518,129.3027010050251,144.5275125628141,114.6937185929648,127.91419597989952,137.8970241834171
Nong Hi,TH4519,2014,106.4667733674776,142.01453265044813,134.37938540332908,135.74788732394367,129.86158770806657,109.05524967989757,72.53104993597952,60.517029449423816,111.32168693982075,175.19775928297057,142.01453265044813,134.37938540332908,135.74788732394367,129.86158770806657,142.41478873239438,119.07516005121643,130.3680537772087,138.6323943661972
Thung Khao Luang,TH4520,2014,105.54669073405536,142.7694945848376,133.50385078219014,135.86058965102288,129.1094464500602,106.46504211793025,68.68880866425995,57.14169675090255,109.88570246690733,176.1930204572804,142.7694945848376,133.50385078219014,135.86058965102288,129.1094464500602,144.1661251504212,115.91648616125153,127.8530685920578,138.17151022864022
Mueang Mukdahan,TH4901,2014,85.77384569850037,132.20743883188635,123.02369771112872,131.33174822415154,124.06586424625097,94.61617995264403,62.043498421468016,53.672967640094726,100.8419050907656,172.06251973164956,132.20743883188635,123.02369771112872,131.33174822415154,124.06586424625097,137.46101026045775,112.36769928966058,122.37917324388314,131.8623939423835
Nikhom Kham Soi,TH4902,2014,92.09031800113574,132.8606757524134,124.53898353208405,132.15090857467348,124.7015332197615,97.96044860874503,63.602867688813156,55.61925042589437,102.9406232254401,172.3566723452584,132.8606757524134,124.53898353208405,132.15090857467348,124.7015332197615,140.11538898353206,113.93921067575238,125.25857467348094,133.24024346961957
Don Tan,TH4903,2014,82.78145790554419,133.16486652977414,123.86909650924026,132.52314168377828,124.5532238193019,95.7969609856263,61.44659137577002,51.217782340862435,100.66914014373721,172.58174537987682,133.16486652977414,123.86909650924026,132.52314168377828,124.5532238193019,139.19891170431217,114.80008213552361,125.34825462012323,133.25491529774132
Dong Luang,TH4904,2014,90.71069665386727,130.81020296215033,121.1019199122326,129.94415798134943,122.64317059791553,92.45189248491498,59.909983543609435,50.300658255622615,99.73408529895777,170.4977509599561,130.81020296215033,121.1019199122326,129.94415798134943,122.64317059791553,135.3216127262754,108.67937465715855,115.50268787712562,129.31260970927042
Khamcha-I,TH4905,2014,93.27937273823885,132.54129473260954,123.19143546441495,130.90969039002815,123.86574185765981,95.82750301568154,62.79111379171693,54.92891033373543,102.16688279051066,171.15677523120226,132.54129473260954,123.19143546441495,130.90969039002815,123.86574185765981,138.06055488540406,110.92939284278245,120.26755126658624,131.36530458383598
Wan Yai,TH4906,2014,82.53220611916265,131.27954911433176,121.69299516908214,131.16054750402577,123.68180354267314,92.3902576489533,59.904347826086955,51.81231884057972,99.30675322061192,171.61368760064417,131.27954911433176,121.69299516908214,131.16054750402577,123.68180354267314,136.44428341384867,110.17222222222223,120.12157809983897,130.77083333333334
Nong Sung,TH4907,2014,98.24903999999998,132.94992,124.03103999999996,131.17639999999997,124.3208,98.05263999999998,64.30928,56.16400000000001,103.65664,171.94552,132.94992,124.03103999999996,131.17639999999997,124.3208,139.62111999999996,112.16584000000002,120.20743999999999,132.05226
Mueang Chiang Rai,TH5701,2014,161.25351430667646,119.57100513573003,115.34341892883344,115.17580337490827,121.29005135730007,117.71658107116654,74.35862068965518,47.17021276595743,108.98490095377842,161.25351430667646,132.65342626559064,115.34341892883344,115.17580337490827,121.29005135730007,127.25926632428464,95.46892149669846,82.28716067498165,118.84144534115917
Wiang Chai,TH5702,2014,161.19635387224423,121.73476540418316,115.4273600904466,115.45192198982477,121.26286037309215,117.09607122668173,74.45715093273034,46.77673827020916,109.1754027699265,161.19635387224423,132.45163934426228,115.4273600904466,115.45192198982477,121.26286037309215,127.39078575466365,94.82733182589034,81.65553985302432,118.70797413793103
Chiang Khong,TH5703,2014,158.77763239875392,133.89327102803736,116.12691588785044,116.21912772585671,122.0833644859813,117.58785046728973,81.07336448598132,47.40489096573209,111.64580218068534,160.76492211838,133.89327102803736,116.12691588785044,116.21912772585671,122.0833644859813,130.42878504672896,95.09806853582552,80.27682242990655,119.36140965732085
Thoeng,TH5704,2014,159.8575105391613,111.6642777901043,114.83756378966052,114.93949412025738,120.96070556911471,115.1199689372088,73.02504992234303,45.71735078766363,107.0152401819392,159.88269358775239,131.63092966496558,114.83756378966052,114.93949412025738,120.96070556911471,128.84011537608166,95.89105835367207,81.1186598624362,118.51265254049254
Phan,TH5705,2014,160.714683875795,104.51649831649833,114.13168724279836,114.91488963711187,120.78681257014587,118.4038907594463,72.0140478862701,46.20117845117845,106.46046109240558,160.714683875795,131.06902356902359,114.13168724279836,114.91488963711187,120.78681257014587,127.58368873924428,96.57124953236067,82.07212869435094,118.48052048260384
Pa Daet,TH5706,2014,159.9848744641764,101.25303123086346,114.9206981016534,114.69840783833436,120.49485609308024,115.84984690753215,71.25866503368036,44.86258420085733,105.41537048377222,159.9848744641764,131.07997550520517,114.9206981016534,114.69840783833436,120.49485609308024,127.53037354562157,95.94102878138396,81.06962645437845,118.2149800979792
Mae Chan,TH5707,2014,160.95745333674253,133.89805676297624,115.55279979544875,115.84262336998208,123.5010483252365,119.69388903093835,78.79672717974945,48.423114293019694,112.0832140117617,160.95745333674253,133.9721554589619,115.55279979544875,115.84262336998208,123.5010483252365,128.1851956021478,96.02631040654566,81.87972385579135,119.48966376885707
Chiang Saen,TH5708,2014,160.4880799698227,134.09188985288569,116.08012070916637,116.03994718973969,122.85413051678611,119.67687665032066,80.668351565447,48.56295737457564,112.30779422859297,160.4880799698227,134.09188985288569,116.08012070916637,116.03994718973969,122.85413051678611,128.420067898906,95.9471142964919,81.43972086005282,119.42013391173143
Mae Sai,TH5709,2014,160.15354872881358,133.82033898305087,115.47113347457629,116.10068855932204,123.98463983050847,121.40619703389832,80.11461864406782,48.54544491525425,112.44957627118647,160.15354872881358,133.82033898305087,115.47113347457629,116.10068855932204,123.98463983050847,130.0692266949153,95.90211864406783,81.23230932203391,119.59175052966104
Mae Suai,TH5710,2014,159.17823129251704,102.71836734693879,111.91972789115647,113.46258503401363,119.82925170068029,118.75442176870747,71.69795918367349,47.79591836734695,105.66955782312925,159.17823129251704,129.19319727891158,111.91972789115647,113.46258503401363,119.82925170068029,126.90544217687076,97.48095238095239,84.11428571428573,117.76045918367348
Wiang Pa Pao,TH5711,2014,157.3992032779422,95.65135442749832,110.99544730252677,111.65765991349875,119.44796266788073,118.40496244024585,68.99685863874345,46.53740040974277,103.63635613475984,157.3992032779422,127.75590712497156,110.99544730252677,111.65765991349875,119.44796266788073,126.54759845208288,97.92390166173459,84.75747780559983,117.06064477577965
Phaya Mengrai,TH5712,2014,160.6044283121597,125.87390199637028,115.54950998185119,115.61513611615243,120.79956442831214,115.82606170598912,75.21023593466425,46.51658802177859,109.49942831215971,160.65571687840293,132.58156079854808,115.54950998185119,115.61513611615243,120.79956442831214,127.77669691470055,95.00845735027225,80.9249001814882,118.61394283121597
Wiang Kaen,TH5713,2014,150.98518518518517,130.47037037037035,112.42962962962962,113.95185185185186,118.71111111111111,114.21111111111111,80.24444444444445,47.25185185185185,108.53194444444443,155.53703703703704,130.47037037037035,112.42962962962962,113.95185185185186,118.71111111111111,127.85185185185185,92.87037037037037,79.76666666666667,116.44861111111112
Khun Tan,TH5714,2014,160.12313043478264,129.51043478260874,115.63971014492756,115.81889855072465,119.70301449275364,114.89072463768119,75.97286956521741,46.62510144927536,109.7854855072464,160.65663768115942,132.9306086956522,115.63971014492756,115.81889855072465,119.70301449275364,126.82144927536235,94.47269565217391,80.3258550724638,118.29610869565218
Mae Fa Luang,TH5715,2014,,,,,,,,,,,,,,,,,,
Mae Lao,TH5716,2014,161.71662011173186,111.63296089385473,113.82039106145251,115.2423184357542,121.66871508379887,118.76347765363128,73.12569832402235,47.362988826815645,107.91664629888268,161.71662011173186,131.83554469273741,113.82039106145251,115.2423184357542,121.66871508379887,127.64168994413406,96.1719972067039,82.83777932960894,118.86688198324023
Wiang Chiang Rung,TH5717,2014,161.56560477849678,133.24300647088108,116.34693877551024,116.42677949228475,122.05624688899951,117.64066699850672,76.3964161274266,47.53608760577402,111.40146839223496,161.56560477849678,133.9238924838228,116.34693877551024,116.42677949228475,122.05624688899951,127.56241911398706,94.1368342458935,81.71194624191142,119.21633275261325
Doi Luang,TH5718,2014,161.50925170068027,134.40585034013608,116.76027210884357,116.50843537414968,121.4991836734694,118.1073469387755,78.88517006802725,48.10707482993199,111.97282312925172,161.50925170068027,134.40585034013608,116.76027210884357,116.50843537414968,121.4991836734694,127.45496598639455,94.7370068027211,81.45632653061227,119.29141156462588
Mueang Nakhon Sawan,TH6001,2014,121.8314196099823,115.2579844538388,108.29327696713489,119.30887767625804,121.72481930996862,128.84483840174553,57.642970135006145,38.26814400654577,101.39654132006002,169.22683758352653,136.6267557616255,120.84460657302606,119.30887767625804,121.72481930996862,132.16545752079642,112.16304377471702,111.01144142915587,127.88397995363421
Krok Phra,TH6002,2014,120.3730698529412,115.07754289215687,103.6201593137255,119.09414828431375,121.67107843137255,131.30572916666668,57.03440563725491,38.149295343137254,100.7906786151961,168.81289828431377,136.39411764705883,120.91323529411765,119.09414828431375,121.67107843137255,131.3807291666667,112.85974264705884,111.41115196078432,127.81713771446081
Chum Saeng,TH6003,2014,118.41033348990142,110.25808673868794,110.2365742915297,120.15965241897602,122.74404258650382,122.68027242837016,57.42747768905589,38.32782213871927,100.03053272271804,171.89571003601066,139.6838108658212,123.61528103961172,120.15965241897602,122.74404258650382,133.04883356818536,111.68547048692656,110.69099733834354,129.19047479254738
Nong Bua,TH6004,2014,129.46306010928956,115.13277595628414,116.30185792349727,120.85217486338794,122.81353005464479,120.88746448087436,65.48243715846993,48.0172568306011,104.86881967213117,169.41229508196722,136.14759562841527,123.52390163934429,120.85217486338794,122.81353005464479,133.37265573770492,108.95808743169401,112.55730054644809,128.45469262295083
Banphot Phisai,TH6005,2014,125.21794988610478,105.8129384965832,109.40940774487474,118.0556492027335,121.5696469248292,129.95388382687926,56.53490888382689,35.50583143507973,100.25752705011391,169.94642369020497,136.90898633257405,120.431583143508,118.0556492027335,121.5696469248292,132.068006833713,112.264840546697,107.62061503416857,127.35821896355351
Kao Liao,TH6006,2014,123.10907095830287,110.62450621799562,112.19670811997071,119.41715435259695,122.24762253108999,127.40318215069496,57.39780541331383,37.59871982443306,101.24934619604973,171.61898317483542,139.10918068763712,122.67286027798097,119.41715435259695,122.24762253108999,132.8989027066569,112.32673738112653,108.92545720555964,128.65211228968545
Takhli,TH6007,2014,91.5574199507389,89.50083128078813,88.32118226600986,120.35368431855503,121.3164306239737,119.37235221674874,48.76447044334976,21.481013957307052,87.58342313218388,168.33986042692936,134.98265599343182,121.42862274220032,120.35368431855503,121.3164306239737,130.86253078817737,108.86037561576352,113.73959359605911,127.48546926313624
Tha Tako,TH6008,2014,117.4895098713289,115.1754248109223,105.26657499263327,121.04842353403393,122.79911600039286,120.46299970533344,58.50834888517826,36.48906787152538,99.65493320891852,169.47140752381878,137.04514291326973,123.90703270798537,121.04842353403393,122.79911600039286,133.4729201453688,109.91455652686368,112.69975444455353,128.79479422453585
Phaisali,TH6009,2014,123.69373183139534,113.86929505813956,108.30654069767442,121.14916424418612,122.48472928779071,119.64708393895347,63.370485101744165,44.88222202034884,102.17540652252906,169.00076308139543,136.07024890988373,124.16559774709306,121.14916424418612,122.48472928779071,132.57545421511625,108.15629542151163,114.27535428779073,128.48470089934594
Phayuha Khiri,TH6010,2014,108.6834841944019,111.85879403982734,100.64010583484195,119.74523046929399,121.15121849324608,125.43112379891383,53.46508842779557,32.25726221974655,96.65403843475838,168.03396462888173,135.36079933156944,120.46298565659374,119.74523046929399,121.15121849324608,131.18294109455505,110.31231026319456,112.26216404400502,127.31395174766739
Lat Yao,TH6011,2014,131.82636799651192,112.06775670372788,104.79111619795073,116.44362328319163,120.11934815783734,130.62867887508173,64.54590146064966,43.11361456289513,102.94205090473075,166.32207325049052,132.42623719206446,117.69170481796382,116.44362328319163,120.11934815783734,130.62867887508173,112.2729452801395,108.7603989535644,125.58312622629164
Tak Fa,TH6012,2014,102.75856372218476,97.92919757248822,92.08543492919756,120.30222521915039,120.6675657451113,119.13626095751857,54.20360755225895,25.832973701955503,91.61447867498319,167.657720836143,134.84374578556984,121.84227916385713,120.30222521915039,120.6675657451113,130.1813216453136,108.30552933243429,112.11763317599463,126.98975261294677
Mae Wong,TH6013,2014,135.37667692307693,120.26293846153847,109.27220000000001,111.92658461538464,117.13367692307693,129.12740000000002,75.31635384615386,55.229,106.70560384615389,162.32296923076925,126.25120000000004,109.81092307692307,111.92658461538464,117.13367692307693,129.12740000000002,112.34261538461543,107.15429230769229,122.00870769230772
Mae Poen,TH6014,2014,134.66286127167632,123.10664739884396,107.23482658959537,110.65351637764935,115.69099229287093,128.25361271676303,77.55033718689789,59.95346820809248,107.13828275529865,161.56652215799616,123.84691714836224,107.23482658959537,110.65351637764935,115.69099229287093,128.25361271676303,110.26608863198462,107.09041425818884,120.57536127167633
Chum Ta Bong,TH6015,2014,132.8062631949331,119.45964109781845,110.1781140042224,113.00492610837438,117.63560872624912,129.11734693877554,74.73852920478537,54.59637579169598,106.44210063335676,163.16090781140042,127.2125263898663,111.0952498240676,113.00492610837438,117.63560872624912,129.11734693877554,112.24197748064745,108.94285714285714,122.80142505277973
Mueang Uthai Thani,TH6101,2014,109.63372591006429,109.05899357601716,98.11245538900788,118.48326195574592,121.22487508922204,130.70513918629555,54.722198429693094,36.89557458957888,97.3545280157031,167.63340471092081,135.25695931477517,120.19721627408995,118.48326195574592,121.22487508922204,130.80378301213426,112.1613490364026,112.09453961456103,127.23192362598144
Thap Than,TH6102,2014,121.7886374695864,110.2161800486618,98.33077858880782,116.45586374695866,120.02654501216547,130.1062043795621,62.732652068126534,43.32540145985401,100.37278284671532,165.99892944038936,132.66068126520682,116.84871046228712,116.45586374695866,120.02654501216547,130.1062043795621,112.42284671532846,111.41019464720196,125.74124695863748
Sawang Arom,TH6103,2014,129.1351330355409,113.13146241988738,102.46498349194023,115.88887162555838,119.64725189357159,129.9704991260439,66.86123519129929,46.53641483783259,102.95448145270926,165.2600893377355,131.1033598757041,115.43157894736845,115.88887162555838,119.64725189357159,129.9704991260439,112.63709458147216,110.95490386482815,125.11170615653526
Nong Chang,TH6104,2014,114.76426027071955,105.78332937544523,93.48551412966042,115.23258133459984,119.34946568511043,129.51073379244832,62.33965803847068,43.13158394680599,97.94964082165757,165.682308240323,130.79384944193777,116.01928283068152,115.23258133459984,119.34946568511043,129.51073379244832,111.5962004274519,110.23685585371646,124.80265970078368
Nong Khayang,TH6105,2014,109.31002506265666,106.45573934837094,94.73072681704262,117.9686215538847,120.9919799498747,130.26025062656643,55.92796992481204,38.47488721804512,96.76502506265665,166.95273182957393,134.26225563909776,119.69203007518796,117.9686215538847,120.9919799498747,130.26025062656643,111.89142857142859,112.2191979949875,126.7798120300752
Ban Rai,TH6106,2014,107.37150452934223,95.94584482079556,83.54032099251671,112.34366876723118,116.35096494682942,127.39441709334378,65.08499409216226,45.71806813706184,94.21872292241038,161.78177432059871,124.84827688066169,110.91582315872387,112.34366876723118,116.35096494682942,127.39441709334378,110.92488184324534,110.37761914139426,121.86717826900355
Lan Sak,TH6107,2014,126.13385337776432,114.66028476219327,104.47603756437444,112.22605271129964,116.84333535292335,128.5040442290215,72.64906089063919,53.317964253256584,103.60132914268408,162.46800969403213,125.79103302029691,110.20087852166013,112.22605271129964,116.84333535292335,128.5040442290215,111.49192668888217,109.50752802181155,122.12910102999092
Huai Khot,TH6108,2014,116.06824224519943,106.1243353028065,93.77027326440178,111.89017725258493,116.5819793205318,127.96861152141803,69.36573116691285,49.448855243722306,98.90227566469721,162.314623338257,125.00273264401773,109.94593796159529,111.89017725258493,116.5819793205318,127.96861152141803,111.70376661742986,109.34697193500742,121.84435007385525
Mueang Kamphaeng Phet,TH6201,2014,141.13708315354754,112.45786229427357,112.07659495777602,112.57805584663753,118.84065832460091,130.4499476052519,69.7320470936325,48.52558712938421,105.724729550638,164.15069345990256,128.24967022129078,112.08589040251498,112.57805584663753,118.84065832460091,130.4499476052519,111.71444245823832,103.19876101830741,122.65851491709304
Sai Ngam,TH6202,2014,134.44660208643816,100.94518628912077,116.90968703427723,116.09031296572282,121.03354694485843,130.78396423248884,57.390760059612525,35.56110283159463,101.64514530551416,166.50208643815202,133.26013412816692,117.37578241430703,116.09031296572282,121.03354694485843,131.63657228017885,111.92679582712373,103.88612518628912,125.21391952309989
Khlong Lan,TH6203,2014,142.3224608967675,123.7178936392075,107.39359749739313,109.88946819603751,116.61795620437957,128.92321167883213,77.60193952033367,57.799666319082384,108.03327424400416,161.18921793534932,123.85105318039625,107.39359749739313,109.88946819603751,116.61795620437957,128.92321167883213,111.93818561001045,103.28289885297184,120.3856986444213
Khanu Woralaksaburi,TH6204,2014,129.51577981651377,111.75643302752289,110.26059449541283,114.43358532110094,119.07880366972478,130.3643449541284,65.15647706422017,43.005335779816505,102.94641926605503,164.84317064220184,130.08898348623853,114.15185321100913,114.43358532110094,119.07880366972478,130.37503853211004,113.26172477064223,107.22275963302754,124.18198990825685
Khlong Khlung,TH6205,2014,127.2042781378904,106.89159693576902,111.83807896287571,114.41745433117268,119.75957572186212,131.0344961697113,59.18892162639952,36.702510312315866,100.87961402474956,166.0509605185622,130.80446670595168,114.81371832645847,114.41745433117268,119.75957572186212,131.0344961697113,112.41284619917504,105.01071302298175,124.2880288744844
Phran Kratai,TH6206,2014,150.68476973286593,99.6787138885531,114.71408195334216,113.77282726943069,119.92121358636533,131.24173818445544,64.86879003988881,42.70462951770821,104.6983455215762,164.6742777710625,130.65412788589384,114.7591079414964,113.77282726943069,119.92121358636533,131.24173818445544,109.89319472984407,101.33260002417501,123.28113592409042
Lan Krabue,TH6207,2014,142.74959764474977,99.5553091265947,117.10769381746813,116.02700686947989,121.22863591756628,130.8786064769382,60.36777232580963,38.405044160942104,103.2899582924436,166.61226692836112,133.14926398429836,117.10769381746813,116.02700686947989,121.22863591756628,131.75992149165853,111.1248871442591,102.73053974484793,124.96752698724238
Sai Thong Watthana,TH6208,2014,128.35370656370657,101.82617760617764,113.53135135135135,116.38235521235524,121.0195366795367,131.0968725868726,54.68586872586872,32.87362934362935,99.97118725868728,167.08050193050195,133.01243243243243,118.03938223938223,116.38235521235524,121.0195366795367,131.45698841698845,111.88444015444014,104.61200772200773,125.4359555984556
Pang Sila Thong,TH6209,2014,134.84418536869717,120.20244826581171,109.88501894491401,111.782454095016,117.60699504517632,129.62806761877,73.97808219178081,53.54208685514427,106.43366729816375,162.83191489361698,126.47586709414165,109.94753716117748,111.782454095016,117.60699504517632,129.62806761877,112.67044593413002,106.02803847274848,122.12141503934714
Bueng Samakkhi,TH6210,2014,126.63446136491825,102.1826565143824,112.2289904117315,117.3663564579808,120.80975747320926,130.05690919345741,54.84404963338973,33.238973491257745,99.6702693175409,168.14596728708406,134.7994923857868,119.0857304004512,117.3663564579808,120.80975747320926,131.59557247602933,112.02800338409475,105.69232938522278,126.19040115623237
Kosamphi Nakhon,TH6211,2014,153.3411534446764,112.618006263048,110.91474425887264,110.83157620041752,117.45271398747391,129.91905010438413,74.92270354906053,54.14681628392484,108.01834551148224,162.22784446764092,125.85594989561585,110.91474425887264,110.83157620041752,117.45271398747391,129.91905010438413,109.61479645093947,100.47413883089772,120.91135177453027
Mueang Phetchabun,TH6701,2014,129.17537642306274,112.73469518912961,122.82819500550866,119.4984575835476,121.76400110172604,112.10224017627613,50.97753396988616,12.269785163422695,97.66878557656995,169.48819316929854,135.8609162688212,122.82819500550866,119.4984575835476,121.76400110172604,134.53810135879547,104.73732096951893,107.65536173338232,127.04631839882484
Chon Daen,TH6702,2014,140.8153196099676,118.57290357529796,123.96118093174432,119.72122426868914,122.28170097508124,120.4617118093175,69.34301191765982,36.87560130010835,106.50408179848321,169.15072589382459,136.68563380281694,124.05187432286026,119.72122426868914,122.28170097508124,132.93366197183096,107.54134344528715,109.72302275189601,127.76114842903574
Lom Sak,TH6703,2014,121.8345785307596,119.34791001249828,120.50679072351063,118.83960561033189,120.37251770587419,107.49968059991667,63.0327315650604,38.68269684766004,101.26456394945144,168.0472017775309,134.03989723649494,120.50679072351063,118.83960561033189,120.37251770587419,133.17800305513123,103.72799611165117,105.57903069018192,125.53638036383835
Lom Kao,TH6704,2014,123.5877810361682,128.76682958618446,120.6884327142392,118.65601173020531,119.30094493320301,104.53884001303358,65.70286738351257,50.02903225806453,103.90884245682636,167.1239491691105,132.72873900293257,120.6884327142392,118.65601173020531,119.30094493320301,132.06291951775827,103.49993483219293,100.78227435646791,124.3554007820137
Wichian Buri,TH6705,2014,143.99093198992446,123.76699622166248,125.1793136020151,122.07741813602024,122.67662468513856,119.73670654911841,69.19302896725439,53.818369017632236,110.05492364609574,169.40490554156176,136.59577455919398,126.27940176322417,122.07741813602024,122.67662468513856,132.74729848866505,105.46114609571787,112.95156171284636,128.52426637279603
Si Thep,TH6706,2014,148.20314082033272,127.74577952267794,125.98625891104459,122.96880876123569,123.29698315941732,121.22277094741195,70.47184626511006,59.514268002892855,112.42623204876536,169.4669077384028,136.361876226883,126.64092364913736,122.96880876123569,123.29698315941732,132.4686227916107,104.88973034404384,114.27676412852577,128.79632709990702
Nong Phai,TH6707,2014,139.74692125183597,116.7319511919557,125.19366173313752,120.71843859450912,122.54554287651113,116.63920460964863,60.650694836741614,16.27828493955485,102.3130875042368,169.93036944977965,136.99684781380637,125.26903174782512,120.71843859450912,122.54554287651113,133.76218506383455,104.81728618235228,110.01970398824992,128.00742571460853
Bueng Sam Phan,TH6708,2014,140.3174603174603,119.82626262626263,124.4820936639119,120.77368490095765,121.9968516332153,119.07386855568676,68.45735274826185,42.86038305129215,107.22349468713105,169.261025842844,136.7168437622983,125.54853732126463,120.77368490095765,121.9968516332153,132.42122523940705,106.43061786698155,112.05075429620884,128.14994260789715
Nam Nao,TH6709,2014,120.97109375000001,108.2546875,120.696875,118.907421875,116.70429687500001,101.187109375,62.0765625,46.86796875,99.45825195312501,162.7140625,131.413671875,120.706640625,118.907421875,116.70429687500001,125.30664062500001,100.10195312500001,102.40078125000001,122.28193359375001
Wang Pong,TH6710,2014,145.4159339263024,123.062541296061,123.03445997458704,119.3692249047014,122.03471410419313,119.75903430749682,68.61029224904699,22.50363405336721,105.47372935196948,168.80411689961886,135.6047776365946,123.03445997458704,119.3692249047014,122.03471410419313,132.50584498094025,107.49313850063531,106.89303684879287,126.96741423125792
Khao Kho,TH6711,2014,132.075,93.25,117.4,114.9,116.225,107.42500000000001,62.150000000000006,34.275000000000006,97.2125,161.825,130.85000000000002,117.4,114.9,116.225,124.92500000000001,99.97500000000001,98.425,120.56562500000001
Mueang Kanchanaburi,TH7101,2014,87.15464783997315,98.1097159186418,86.73261052277698,108.34007396201046,110.70847201210289,123.38315683308126,71.42622289460415,48.10000000000001,91.74436249789885,153.22985375693398,116.06046394351992,102.32297865187428,108.34007396201046,110.70847201210289,123.38315683308126,108.77038157673564,112.28332492855944,116.88733820810224
Sai Yok,TH7102,2014,112.49126305792973,111.20167774612221,96.05751820196267,105.07249129471352,108.67356758467868,123.94064577397911,78.22788857233301,61.8031022475467,99.6835193099082,151.78518518518518,112.88258942703388,97.49468186134854,105.07249129471352,108.67356758467868,123.94064577397911,109.42849002849002,110.79354226020894,115.00889917695473
Bo Phloi,TH7103,2014,90.34834744054817,90.9748488512696,83.56392583635629,110.83657799274486,112.80338573155984,124.57153365578395,66.87564490124949,46.01466142684402,90.74861572954453,155.9057839580814,119.66110439338979,105.93794840790005,110.83657799274486,112.80338573155984,124.57153365578395,109.04024586860139,112.97373035066506,118.96628879484078
Si Sawat,TH7104,2014,138.60483425414367,112.74129834254146,96.54198895027626,103.25082872928176,108.8790055248619,122.78618784530389,78.11201657458565,62.52513812154697,102.9301622928177,151.58922651933702,113.3850828729282,97.0064917127072,103.25082872928176,108.8790055248619,122.78618784530389,109.45732044198897,105.06312154696134,113.92715814917129
Tha Maka,TH7105,2014,76.92145633583831,84.2910080331692,77.21619590567504,113.23342834931333,115.1786732314071,123.65558434827675,59.31896864472661,38.02669085255247,85.98025071261983,158.01873542368494,123.53436123348015,111.72301114278311,114.02964498574762,115.1786732314071,123.65558434827675,109.02853070743717,114.33236589790103,121.18761337133968
Tha Muang,TH7106,2014,75.71635928143715,87.54148502994012,76.23350898203593,111.31504191616767,113.07516167664672,123.1231616766467,65.02411976047905,38.25916167664671,86.28600000000002,155.62349700598804,119.77082634730542,107.27089820359281,111.49401197604791,113.07516167664672,123.1231616766467,108.93382035928144,113.76926946107785,119.13258083832336
Thong Pha Phum,TH7107,2014,149.9817643186307,110.60533245556289,93.60421329822252,100.90803159973667,106.47235023041475,124.2393021724819,78.8385780118499,64.47498354180381,103.6405694535879,149.9817643186307,110.60533245556289,93.60421329822252,100.90803159973667,106.47235023041475,124.2393021724819,110.25029624753127,105.40849242922977,112.6837228439763
Sangkhla Buri,TH7108,2014,154.3,113.60000000000001,94.9,100.10000000000001,109.0,129.9,78.9,66.4,105.8875,154.3,113.60000000000001,94.9,100.10000000000001,109.0,129.9,115.30000000000001,109.4,115.81250000000001
Phanom Thuan,TH7109,2014,79.47095901005414,80.42730085073475,75.94990332559938,111.38917246713069,115.45114075792735,124.20817865429241,59.10191415313224,36.350812064965204,85.29367266047954,158.49814385150816,123.16997293116782,110.45003866976026,113.34224671307041,115.45114075792735,124.20817865429241,108.82356921887084,114.30566511987627,121.03111948955917
Lao Khwan,TH7110,2014,90.40435097147581,83.75738941711454,76.85177759404715,113.89886316659782,115.63329888383635,125.92076271186441,59.806118230673846,40.95533278214138,88.40348671971891,160.09611409673423,124.8672281934684,111.22476229847045,113.89886316659782,115.63329888383635,125.92076271186441,109.76156469615547,114.03323687474165,121.92947886523359
Dan Makham Tia,TH7111,2014,83.91282618310481,105.28923042901371,86.33469703670943,108.14195046439632,110.24088898717383,122.52830605926579,72.57410437859353,50.584298982750994,92.45078781512606,152.25745245466607,115.23511720477661,101.53168951791243,108.14195046439632,110.24088898717383,122.52830605926579,108.41344537815125,112.62478991596639,116.37170499778858
Nong Prue,TH7112,2014,101.82514058106838,98.57396907216494,88.22094657919398,109.76935332708527,112.13580131208995,125.35363167760075,67.59718837863167,49.58676194939081,94.13284910965325,156.88894095595126,118.89653233364574,105.06534676663544,109.76935332708527,112.13580131208995,125.35363167760075,109.10201499531397,110.39798500468605,118.45120079662605
Huai Krachao,TH7113,2014,84.69225292422446,81.48538735378878,76.75290727241907,113.38165790812003,115.43373453127656,124.84851669774544,59.01081539243939,38.26290896762164,86.73352263095443,158.90006780810307,123.32956433293776,110.34253263264957,113.59210035599256,115.43373453127656,124.84851669774544,109.00662824207498,114.20515341583315,121.20728725207664
Mueang Samut Sakhon,TH7401,2014,79.2,104.10000000000001,86.2,125.10000000000001,120.9,126.7,73.5,50.900000000000006,95.825,163.8,129.5,120.2,125.10000000000001,120.9,126.7,116.5,124.80000000000001,128.4375
Krathum Baen,TH7402,2014,83.33051948051947,106.61688311688313,90.03766233766234,124.27987012987012,119.85974025974025,125.2064935064935,71.22402597402596,53.55974025974025,96.76436688311686,163.13311688311688,128.89415584415582,120.612987012987,124.27987012987012,119.85974025974025,125.2064935064935,114.14480519480519,120.03896103896103,127.02126623376621
Ban Phaeo,TH7403,2014,80.40435580009171,102.35630444750115,86.39206785878038,122.69156350298027,119.04089867033474,125.40444750114625,70.10490600641907,49.05387436955526,94.43105226960108,162.57918386061442,128.1980742778542,119.0373681797341,122.69156350298027,119.04089867033474,125.40444750114625,113.45625859697388,120.38317285648786,126.34887093076573
Mueang Sing Buri,TH1701,2014,85.01882267441864,81.34011627906978,78.49861918604653,120.94476744186045,121.12863372093022,121.55886627906979,47.41140988372094,20.115043604651166,84.50203488372094,166.88430232558142,133.9805959302326,122.95937500000004,120.94476744186045,121.12863372093022,129.23917151162792,108.08088662790699,113.84215116279074,127.13248546511633
Bang Rachan,TH1702,2014,82.56330685203577,77.28545183714003,74.3811320754717,119.95938430983118,120.6453326713009,126.27130089374378,43.86002979145978,18.508192651439913,82.93426638530286,166.95009930486592,133.66127110228402,121.01837140019862,119.95938430983118,120.6453326713009,129.30705064548164,108.64185700099306,112.53008937437934,126.58918197616683
Khai Bang Rachan,TH1703,2014,83.92948529411767,80.51830882352942,75.44654411764706,120.17911764705883,120.79617647058824,126.41477941176474,45.59007352941176,20.130367647058826,84.12560661764708,165.80249999999995,132.77625,120.99389705882355,120.17911764705883,120.79617647058824,128.64125,108.07345588235296,112.83492647058826,126.2621966911765
Phrom Buri,TH1704,2014,90.16221985058698,89.64140875133404,82.57545357524013,120.83105656350054,120.11921024546426,123.12572038420493,52.63287086446104,27.96232657417289,88.38128335112059,165.16969050160083,133.06371398078977,123.01056563500532,120.83105656350054,120.11921024546426,127.91419423692635,107.30747065101386,113.13628601921025,126.3190234791889
Tha Chang,TH1705,2014,87.68585858585858,85.49414141414142,78.86141414141414,120.66989898989898,120.3680808080808,124.93757575757574,49.20787878787879,23.37838383838384,86.32540404040405,164.90181818181821,132.87676767676768,122.02141414141414,120.66989898989898,120.3680808080808,128.00626262626264,107.4989898989899,113.12808080808082,126.18391414141414
In Buri,TH1706,2014,82.46495219254867,78.28440487965712,78.02192548631717,120.73837784371909,122.02690405539073,120.84312561819984,43.72667326079792,17.8704253214639,82.9970985822618,168.55258819650516,134.65684141114411,122.7348499835147,120.73837784371909,122.02690405539073,130.84401582591494,108.55509396636992,113.57408506429279,127.71034454335644
Mueang Buri Ram,TH3101,2014,120.82063868810013,127.63330456359911,138.65694249649374,134.2889416334017,131.00997950156435,114.91937641601035,76.9530370050707,58.77721437048223,112.88242933434026,175.66130111123098,145.33457762433918,138.65694249649374,134.2889416334017,131.00997950156435,136.62573093106053,117.84994066242314,125.01341029237243,138.05510303161083
Khu Mueang,TH3102,2014,122.71695033807414,125.46945674982514,137.8870832361856,134.37705758918162,130.66092329214268,112.11370948939148,75.11424574492891,55.85397528561436,111.77417521566797,176.79183958964802,145.50452319888083,137.8870832361856,134.37705758918162,130.66092329214268,137.1124504546514,117.48573093961298,124.32905106085336,138.01858242014455
Krasang,TH3103,2014,116.34991169678038,143.6651270207853,138.43968210840922,135.05747860345068,132.06076620024453,115.03215595707108,76.71187338676813,59.7031245754653,114.62751494362185,175.42206221980712,144.69199836978675,138.43968210840922,135.05747860345068,132.06076620024453,137.76156772177697,118.26332020105964,127.09631843499531,138.59914923244128
Nang Rong,TH3104,2014,124.51684246342289,108.47592151525461,128.8772711806737,132.5567199727798,129.3702846773279,115.09736871951912,74.6400816604287,55.501383690597706,108.62948423500055,173.61415447431096,144.83656572530333,137.77864352954518,132.5567199727798,129.3702846773279,132.62489508903252,115.43745037994782,120.45315867074967,135.83398406487467
Nong Ki,TH3105,2014,131.79380876352667,98.70886996629413,123.8438885932234,131.81497250310449,128.77936845839986,113.35529536987758,72.81852048962214,54.12747915557921,106.90527541245343,173.88997693808759,144.09462480042575,137.88706758914313,131.81497250310449,128.77936845839986,131.56682632605995,113.84709952102182,119.58531133581691,135.1831559340074
Lahan Sai,TH3106,2014,117.46591876208896,111.97880077369439,122.98814313346232,131.3257446808511,128.2118181818182,115.9121083172147,73.13651837524178,54.163694390715676,106.8978433268859,169.30183752417796,140.7913733075435,133.28189555125726,131.3257446808511,128.2118181818182,130.9585686653772,114.60557059961313,119.02918762088977,133.43824951644103
Prakhon Chai,TH3107,2014,116.24841187461082,125.45501349387585,136.22401909902433,133.66524807971774,130.24915922773516,117.6142619887897,78.28849906580861,60.30477475607225,112.25617344820428,173.13619472700856,144.20278181440733,136.41219638779322,133.66524807971774,130.24915922773516,134.44465434918004,117.03829146771858,122.7865787834752,136.49188810462942
Ban Kruat,TH3108,2014,113.6274022066199,125.63656970912741,132.63019057171513,132.39476429287868,129.38373119358076,118.50850551654968,77.83871614844536,60.221163490471405,111.28013039117354,169.81384152457372,140.8770110330993,133.41067201604812,132.39476429287868,129.38373119358076,132.81113340020062,116.5528986960883,120.72501504513542,134.4961334002006
Phutthaisong,TH3109,2014,120.6229210134128,122.52396423248881,136.6621460506706,133.59135618479877,130.02918032786883,109.39436661698957,71.24271236959761,52.238539493293594,109.53814828614009,176.85391952309985,145.1734724292101,136.6621460506706,133.59135618479877,130.02918032786883,137.38277198211622,114.35067064083455,123.57344262295084,137.20211997019373
Lam Plai Mat,TH3110,2014,125.3592200725514,115.09267432486898,139.05309351068112,133.75622732769042,130.54402458686008,112.9684099153567,74.4324264409512,55.22054615074566,110.80332779121322,176.31162837565498,145.9044740024184,139.1641172914147,133.75622732769042,130.54402458686008,135.91721080209587,116.76043933897618,123.49896211205156,137.7321354796453
Satuek,TH3111,2014,118.32973601422513,142.74720284502806,138.41106551771304,135.33255368622622,131.3355765285187,111.99020653809335,75.60571741211875,57.407427164546576,113.89493571330873,176.7014088360006,145.33398987826567,138.41106551771304,135.33255368622622,131.3355765285187,137.86966215292026,119.39685405553278,126.87365613459174,138.90684584872113
Pakham,TH3112,2014,123.00150166852058,103.62594549499447,116.88937708565072,130.5051724137931,127.48895995550612,116.21165183537265,71.20122358175752,53.58209121245829,105.31324040600667,169.2005283648498,140.66529477196886,133.09758064516132,130.5051724137931,127.48895995550612,129.98106229143494,111.57502780867631,118.21148498331479,132.59063890433816
Na Pho,TH3113,2014,119.30969581749048,121.1020532319392,135.33798479087454,132.99627376425858,129.2351711026616,105.37828897338406,67.54988593155893,45.09863117870724,107.00099809885933,175.54399239543727,143.8133079847909,135.33798479087454,132.99627376425858,129.2351711026616,136.242319391635,113.43676806083654,121.99596958174908,136.0752233840304
Nong Hong,TH3114,2014,129.88124042879022,103.18884635017866,132.8007146503318,132.74601837672282,129.59481878509445,112.39359367023994,72.47825421133231,52.897447677386424,108.2476167687596,174.90686574783058,144.89193466054115,138.48458397141397,132.74601837672282,129.59481878509445,133.68644716692194,115.18626850433897,120.94397651863197,136.305114216437
Phlapphla Chai,TH3115,2014,115.5199692780338,133.96635944700463,137.05102918586792,134.53978494623655,131.24887864823347,117.2936098310292,78.16715821812598,60.49179723502304,113.53482334869435,174.46110599078344,144.63920122887868,137.05102918586792,134.53978494623655,131.24887864823347,136.23250384024578,117.73683563748082,124.47557603686637,137.54811443932414
Huai Rat,TH3116,2014,118.3299815498155,139.7995848708487,139.14409594095937,134.80179889298896,131.74418819188193,114.2333487084871,76.05078413284133,59.442066420664204,114.19323108856088,176.09603321033214,145.276983394834,139.14409594095937,134.80179889298896,131.74418819188193,137.35705719557194,117.19838560885609,126.94520295202955,138.57046817343172
Non Suwan,TH3117,2014,128.40380679492432,100.69914040114615,119.15243553008594,130.73978714695045,127.67556283258293,114.87801882930825,72.93389275480963,55.1905034793287,106.20914347114204,172.20589439214078,142.79799426934096,135.6898485468686,130.73978714695045,127.67556283258293,129.88080229226364,112.69799426934098,119.37015963978713,133.88225542365944
Chamni,TH3118,2014,124.81730894839971,113.23510777269757,137.58272370999345,133.749216198563,130.3737753102547,114.62860875244935,74.82403657740038,55.528380143696914,110.59239467668189,175.1579359895493,145.29986936642715,138.91472893533637,133.749216198563,130.3737753102547,134.8760613977792,116.51903984323968,121.98540169823643,137.1095035924232
Ban Mai Chaiyaphot,TH3119,2014,123.02038318254391,113.39489089941458,136.1948376796168,132.57908461947844,129.62213943587014,107.13331559340077,68.85641298563066,44.88898350186269,106.96125598722725,176.02698243746673,144.89584885577435,136.1948376796168,132.57908461947844,129.62213943587014,136.07312400212876,113.98914316125598,121.97200638637572,136.41914582224587
Non Din Daeng,TH3120,2014,118.0531893004115,103.36676954732509,114.0679012345679,129.32345679012346,126.62510288065842,116.1077160493827,68.95483539094651,51.05884773662551,103.44472736625514,165.9185185185185,137.15092592592592,130.4349794238683,129.32345679012346,126.62510288065842,129.36543209876544,111.40082304526749,117.16203703703704,130.92265946502056
Ban Dan,TH3121,2014,120.2199519230769,136.74278846153845,139.2738461538461,135.20019230769228,131.44413461538457,112.9423076923077,76.48341346153845,57.776875000000004,113.76043870192306,176.50903846153844,145.1633173076923,139.2738461538461,135.20019230769228,131.44413461538457,137.18899038461532,119.35937500000001,126.27423076923075,138.80164062499998
Khaen Dong,TH3122,2014,120.97060226595111,131.03416815742398,137.76165772212283,134.79189028026238,130.87602862254028,111.58145497912939,74.28139534883721,55.89862850327966,112.14947823494337,177.23679189028024,146.26171735241502,137.76165772212283,134.79189028026238,130.87602862254028,137.75980918306502,117.0824090638044,124.99511031604055,138.34567680381636
Chaloem Phra Kiat,TH3123,2014,119.88152492668621,115.76682027649774,132.48743192291576,132.8666945957269,129.13929618768327,115.96648512777548,76.42672811059909,57.54591537494763,110.01011206535402,172.90737327188944,144.32186845412653,136.91298701298706,132.8666945957269,129.13929618768327,132.58579807289487,116.50812735651446,121.80377042312531,135.8807394218685
Mueang Maha Sarakham,TH4401,2014,103.5362353341269,142.1841863628635,131.8249787451114,133.51224281584766,128.47641557558237,103.05834041829621,65.4006631525251,51.050739670124145,107.38047525930963,175.42887264070734,142.1841863628635,131.8249787451114,133.51224281584766,128.47641557558237,140.18988267301478,113.10613841183473,124.09937085529671,136.10276101003228
Kae Dam,TH4402,2014,104.68909599254427,141.68546132339242,132.4664026095061,134.45405405405404,129.0169617893756,104.00386766076423,67.31267474370924,53.58690587138864,108.40192800559181,174.7722273998137,141.68546132339242,132.4664026095061,134.45405405405404,129.0169617893756,139.58224603914263,113.88317800559183,124.95102516309414,136.3514445479963
Kosum Phisai,TH4403,2014,109.25371570533592,138.33184273061133,129.99214733203715,130.79169367033919,127.11137394685677,102.30590840354289,64.399362713329,44.63094620868438,105.85212383884209,174.8905163102182,141.87429250378048,129.99214733203715,130.79169367033919,127.11137394685677,138.3238064376755,111.86997191618057,120.1332253186433,134.3733784294664
Kantharawichai,TH4404,2014,103.18470314810904,142.57249102049437,131.47912529051342,133.08256919501375,127.98070990914854,102.94677794210862,63.55981407141349,49.03477709697869,106.7301209592225,174.86370166913173,142.57249102049437,131.47912529051342,133.08256919501375,127.98070990914854,142.32364251003594,111.6427213184027,122.24210859919717,135.77338368899223
Chiang Yuen,TH4405,2014,106.44879501760089,141.01069591118335,129.3077173030057,131.34118602761984,126.3349309504468,102.12640129975632,63.57698348226375,46.18063904684538,105.79091862984025,174.27053885729762,141.48919577579207,129.3077173030057,131.34118602761984,126.3349309504468,139.407094503114,110.67633360411594,119.46450040617387,134.03643717844577
Borabue,TH4406,2014,109.1341203816981,138.35426963542938,131.2497308539271,132.11427697577682,128.16828969904574,102.1450819672131,65.2472106679716,46.81312698801076,106.65326339613411,174.8368852459016,141.8109126498654,131.2497308539271,132.11427697577682,128.16828969904574,137.56598972351358,113.443931979447,122.65057499388304,135.23007401517006
Na Chueak,TH4407,2014,114.88796656298601,128.82358087091757,133.26667962674964,132.28370917573872,128.64541213063762,104.1512441679627,66.99648133748059,46.19603421461898,106.90638851088647,175.43693623639192,143.11148911353033,133.26667962674964,132.28370917573872,128.64541213063762,136.79333203732506,113.86001166407463,122.04609253499221,135.68045781493
Phayakkhaphum Phisai,TH4408,2014,116.49795325881841,136.96764407025697,137.31773842357381,134.73823486717959,130.80614022354476,109.70352736246193,72.91209174045579,55.31193206561184,111.78190775148789,176.4987226012484,145.1156191029177,137.31773842357381,134.73823486717959,130.80614022354476,138.28043257366818,116.7669908549862,125.72765277979391,138.15644142836413
Wapi Pathum,TH4409,2014,106.58692481770177,142.4026527533316,134.55595926577826,134.5469449333669,129.59063364344982,104.46736233341716,66.57100829771184,51.29694493336685,108.75230387226554,175.610636157908,142.86102589891874,134.55595926577826,134.5469449333669,129.59063364344982,139.6928715111893,114.24371385466432,124.84490822227811,136.99333668594417
Na Dun,TH4410,2014,111.19560216508796,138.84939106901217,134.29800405953992,133.4765899864682,129.655649526387,106.57036535859271,68.99462110960758,52.20449932341001,109.40559032476321,175.59276048714483,142.98024357239512,134.29800405953992,133.4765899864682,129.655649526387,138.8608592692828,114.9270297699594,124.34898511502033,136.76751522327467
Yang Sisurat,TH4411,2014,116.55610926541155,129.82392026578069,135.37013658176446,133.1614248800295,129.733850129199,107.85537098560353,70.54425987449243,52.422997416020664,109.43350867478776,175.99294942783314,143.7709486895533,135.37013658176446,133.1614248800295,129.733850129199,137.57589516426722,114.69959394610555,123.77729789590252,136.76026208933186
Kut Rang,TH4412,2014,113.27737801872841,132.11155741744702,129.854977821587,130.35672745194674,127.44204041399702,102.50936421882703,65.90815672745194,44.61338097585017,105.75919788072945,174.36466239526857,141.3615327747659,129.854977821587,130.35672745194674,127.44204041399702,136.30714637752587,113.13265155248894,120.3034006899951,134.14039243469693
Chuen Chom,TH4413,2014,105.59553368660103,140.1843300529902,127.56510219530657,130.84284632853897,125.15616956850873,101.50204390613175,64.08508705526116,48.96850870552611,105.48745268735809,172.60423921271766,140.1843300529902,127.56510219530657,130.84284632853897,125.15616956850873,138.17925813777438,109.92490537471613,118.38864496593489,132.85568697956094
Mueang Kalasin,TH4601,2014,103.70988027891065,139.22733850809104,129.3096171556374,132.17770030259177,126.06876726746479,100.393487698987,65.92727272727272,55.696408367320096,106.5638090382844,174.14521773450863,139.22733850809104,129.3096171556374,132.17770030259177,126.06876726746479,139.31439284304696,112.15069069859231,124.0419023812656,134.55445336139982
Na Mon,TH4602,2014,104.97009593119418,137.05871650678137,127.43949718822368,131.87515712868014,125.1254713860404,98.7331458815746,65.94306979821373,58.25398610651671,106.17489249090309,172.0700959311942,137.05871650678137,127.43949718822368,131.87515712868014,125.1254713860404,138.91144558385713,111.93142573602384,124.63000330797223,133.63022659609663
Kamalasai,TH4603,2014,103.79435215946846,141.78483626008546,131.84430469862366,134.24895586141434,128.40415282392027,104.36741813004271,66.48780256288565,55.940436639772194,108.35903239202658,175.39399620313242,141.78483626008546,131.84430469862366,134.24895586141434,128.40415282392027,144.0012339819649,113.85011865211203,126.2696962505933,136.97466184148084
Rong Kham,TH4604,2014,105.10243654822337,140.64050761421322,131.458883248731,134.6322842639594,128.60934010152286,104.13928934010154,66.91746192893402,57.59076142131981,108.63637055837565,174.06314720812182,140.64050761421322,131.458883248731,134.6322842639594,128.60934010152286,143.86436548223352,114.12324873096449,127.16233502538074,136.81926395939087
Kuchinarai,TH4605,2014,102.9017377970866,135.9243802708919,126.7341298236647,132.19717607973425,125.23580373115257,98.26875798619984,66.25499616662405,60.526245847176085,106.00540346281626,171.863071811909,135.9243802708919,126.7341298236647,132.19717607973425,125.23580373115257,139.00261947354974,112.7423076923077,125.59909276769743,133.66232270636343
Khao Wong,TH4606,2014,100.60066287878787,133.875,124.84564393939392,131.20151515151514,124.30601325757574,97.21055871212121,63.84180871212121,56.836789772727265,104.0897490530303,170.3909090909091,133.875,124.84564393939392,131.20151515151514,124.30601325757574,139.51969696969695,111.28177083333333,123.46666666666664,132.36090198863636
Yang Talat,TH4607,2014,103.35065075921912,140.75127440347077,129.57664045553148,132.2208107375272,126.80968004338395,102.92589479392628,64.83081616052061,52.09791214750545,106.5704599376356,174.33938449023864,140.75127440347077,129.57664045553148,132.2208107375272,126.80968004338395,141.48828633405643,111.3445634490239,121.93085683297187,134.80768709327555
Huai Mek,TH4608,2014,104.38659670164917,139.19742128935533,127.22674662668665,130.45964017991002,124.93619190404799,100.84416791604197,64.33397301349325,50.234122938530746,105.20235757121439,173.07547226386802,139.19742128935533,127.22674662668665,130.45964017991002,124.93619190404799,138.05982008995505,110.11895052473764,118.46728635682162,132.69269115442285
Sahatsakhan,TH4609,2014,104.61243133853718,137.0917895345476,125.99901705695288,130.71459959525876,124.06655102630818,97.98953454755711,64.59708008094826,54.038421509106676,104.88867808615207,172.31549580803699,137.0917895345476,125.99901705695288,130.71459959525876,124.06655102630818,137.52821624747037,110.5339404452154,121.3984966753397,132.4560132986412
Kham Muang,TH4610,2014,107.22061510353231,134.69789890377592,123.80654689403164,129.78976857490866,122.62694884287455,96.47289890377587,62.92825822168088,51.71172350791718,103.6568323690621,170.06641291108406,134.69789890377592,123.80654689403164,129.78976857490866,122.62694884287455,137.10709500609013,108.90255785627284,119.12469549330088,130.76524056029228
Tha Khantho,TH4611,2014,105.1273850197109,136.07492772667544,124.48822601839686,128.47282522996056,121.96296977660973,97.54302233902759,63.189776609724056,48.81537450722733,103.20931340341657,170.2748488830486,136.07492772667544,124.48822601839686,128.47282522996056,121.96296977660973,134.91392904073587,108.37892247043365,115.54044678055189,130.01338699080162
Nong Kung Si,TH4612,2014,104.3025024695423,137.87054659203162,125.65192624300298,129.70706289101088,123.6033256503128,98.47408626934477,64.03579189990123,51.17844912742838,104.35296139282187,172.4898913401383,137.87054659203162,125.65192624300298,129.70706289101088,123.6033256503128,136.02448139611454,109.36998682910766,118.75079025353968,131.6835013994073
Somdet,TH4613,2014,104.98787725082427,136.18283033223435,125.79551103220902,131.2059092061882,123.94078113111844,97.43626680192749,64.51653563276693,55.016104488967805,104.88522698452954,171.68638092822732,136.18283033223435,125.79551103220902,131.2059092061882,123.94078113111844,138.0446867867106,110.80129343139741,122.80793811818413,132.55816637078368
Huai Phueng,TH4614,2014,103.85669984686065,136.19969372128642,126.4,131.93568147013787,124.683078101072,98.38878254211336,65.12147779479328,57.66741960183767,105.53160413476267,172.1329632465544,136.19969372128642,126.4,131.93568147013787,124.683078101072,139.63740428790203,111.66481623277183,124.14808575803978,133.35021535222052
Sam Chai,TH4615,2014,106.80393860411237,135.9437590501014,124.6999420793513,129.68641760787722,123.12053286996819,96.98772082247324,63.472835215754436,52.484882710686364,104.15000362004058,170.13321749203595,135.9437590501014,124.6999420793513,129.68641760787722,123.12053286996819,136.65337387778746,108.6456993918332,119.55991891109184,131.0553576600058
Na Khu,TH4616,2014,102.21580086580087,133.7070346320346,124.11461038961036,130.85611471861472,123.81639610389608,96.26374458874456,62.84220779220778,54.2224025974026,103.50478896103895,169.79642857142858,133.7070346320346,124.11461038961036,130.85611471861472,123.81639610389608,138.35579004329003,110.06066017316016,120.63262987012989,131.41745806277055
Don Chan,TH4617,2014,104.76407470288626,138.357623089983,129.34964346349747,132.51782682512734,126.11300509337859,99.79320882852294,66.59803056027167,58.75904923599321,107.03155772495758,173.24533106960948,138.357623089983,129.34964346349747,132.51782682512734,126.11300509337859,138.95432937181664,112.47018675721564,125.9967741935484,134.62558998302205
Khong Chai,TH4618,2014,102.5048834628191,141.89905660377357,131.7727524972253,133.93817980022195,128.35815760266368,104.69622641509433,66.13091009988902,54.17907880133185,107.93490566037734,175.327358490566,141.89905660377357,131.7727524972253,133.93817980022195,128.35815760266368,143.55743618201996,113.1889012208657,125.41975582685906,136.6826997780244
Mueang Chiang Mai,TH5001,2014,,,,,,,,,,,,,,,,,,
Chom Thong,TH5002,2014,158.80132743362833,63.70508849557523,107.60818584070797,109.74181415929206,117.6732300884956,128.48296460176996,50.95420353982303,11.693362831858407,93.58252212389382,158.80132743362833,125.73097345132746,108.4853982300885,109.74181415929206,117.6732300884956,129.24668141592923,103.8632743362832,89.79933628318585,117.91775442477879
Mae Chaem,TH5003,2014,151.0409368635438,89.27393075356417,102.31608961303463,104.48014256619145,111.61496945010182,121.91547861507128,66.35967413441955,35.32668024439919,97.79098778004074,151.0409368635438,119.00723014256621,102.31608961303463,104.48014256619145,111.61496945010182,123.60336048879837,97.67515274949085,87.99226069246436,112.21626782077394
Chiang Dao,TH5004,2014,157.2661774516344,95.19726484322881,109.21264176117411,111.01287525016677,117.93492328218814,118.14896597731821,69.33195463642427,48.50667111407604,103.32643428952635,157.2661774516344,126.5675783855904,109.21264176117411,111.01287525016677,117.93492328218814,124.61697798532356,97.55123415610407,85.73675783855903,116.23739576384254
Doi Saket,TH5005,2014,160.08367346938778,89.59693877551021,110.63061224489796,111.78367346938776,121.72653061224491,125.06734693877551,68.14795918367349,36.4061224489796,102.93035714285716,160.08367346938778,129.0,110.63061224489796,111.78367346938776,121.72653061224491,133.15000000000003,101.6295918367347,85.46836734693879,119.18405612244898
Mae Taeng,TH5006,2014,160.3384422110553,91.68266331658292,110.13065326633168,110.97663316582916,121.27135678391961,119.53592964824121,68.26105527638191,40.320351758793976,102.81463567839197,160.3384422110553,128.7309045226131,110.13065326633168,110.97663316582916,121.27135678391961,129.53341708542715,100.88467336683419,85.57185929648242,118.42974246231157
Mae Rim,TH5007,2014,160.542144638404,90.49326683291771,109.73216957605986,110.38204488778054,121.76483790523692,121.50997506234413,65.9354114713217,15.6713216957606,99.50389650872818,160.542144638404,128.51845386533668,109.73216957605986,110.38204488778054,121.76483790523692,131.7137157107232,101.63815461346634,85.97306733167082,118.78307356608481
Samoeng,TH5008,2014,,,,,,,,,,,,,,,,,,
Fang,TH5009,2014,158.8936679311351,106.04689232564924,110.93049314269038,111.86285380799534,118.86224102713744,118.88920338488475,71.90204260285964,49.27534286548001,105.83284213597898,158.8936679311351,128.7353662095127,110.93049314269038,111.86285380799534,118.86224102713744,125.78683980157574,96.10405602567843,84.27154946016924,116.9308834257368
Mae Ai,TH5010,2014,159.11787564766843,112.1737231680237,112.69826054774242,113.95814211695041,119.84089563286454,119.68904515173948,73.35366395262768,48.9099185788305,107.4676905995559,159.11787564766843,129.95695780903037,112.69826054774242,113.95814211695041,119.84089563286454,127.62701702442637,96.31069578090303,83.78367875647669,117.91169041450777
Phrao,TH5011,2014,159.53333333333336,94.93333333333334,110.31111111111112,111.19999999999999,119.93333333333334,119.45555555555558,70.05555555555556,46.611111111111114,104.00416666666666,159.53333333333336,128.7555555555556,110.31111111111112,111.19999999999999,119.93333333333334,128.58888888888887,99.65555555555557,84.84444444444446,117.85277777777777
San Pa Tong,TH5012,2014,159.38254799301924,64.31361256544504,109.59825479930193,111.61326352530543,119.62713787085518,124.83961605584643,61.035253054101226,13.371902268760909,95.47269851657943,159.38254799301924,128.1120418848168,109.60802792321118,111.61326352530543,119.62713787085518,129.6014834205934,102.87076788830718,87.48560209424086,118.53760907504366
San Kamphaeng,TH5013,2014,159.5984866828087,88.35363196125908,110.48347457627116,111.41658595641645,121.17282082324454,124.74818401937046,68.59455205811139,34.8410411622276,102.40109715496367,159.5984866828087,128.727602905569,110.48347457627116,111.41658595641645,121.17282082324454,130.7484866828087,101.21246973365616,85.58771186440677,118.61845490314768
San Sai,TH5014,2014,160.74309927360775,92.82590799031479,109.75472154963681,110.66368038740922,120.4951573849879,120.64600484261503,66.6506053268765,21.43341404358354,100.40157384987894,160.74309927360775,128.91210653753026,109.75472154963681,110.66368038740922,120.4951573849879,130.2760290556901,101.18305084745764,85.49733656174335,118.44064769975786
Hang Dong,TH5015,2014,159.76189376443418,68.89122401847577,109.68290993071595,111.4117782909931,119.92170900692842,125.2806004618938,68.11939953810624,16.280600461893766,97.41876443418013,159.76189376443418,128.3150115473441,109.68290993071595,111.4117782909931,119.92170900692842,130.45819861431872,102.77066974595844,87.08799076212472,118.6762702078522
Hot,TH5016,2014,157.9829752066116,70.0596694214876,107.01454545454547,108.3611570247934,116.93338842975207,129.23338842975207,57.581322314049594,12.457355371900826,94.95297520661158,157.9829752066116,123.69636363636364,107.01454545454547,108.3611570247934,116.93338842975207,129.3598347107438,104.41735537190083,90.85206611570248,117.32721074380166
Doi Tao,TH5017,2014,157.1170073589534,67.18708094848732,97.83041700735896,107.5880621422731,116.52085036794767,129.71782502044155,55.83867538838921,11.783401471790679,92.94791496320524,157.1170073589534,122.94170073589534,105.85363859362224,107.5880621422731,116.52085036794767,129.71782502044155,103.04129190515127,91.55020441537205,116.79132256745709
Omkoi,TH5018,2014,,,,,,,,,,,,,,,,,,
Saraphi,TH5019,2014,160.7987124463519,70.56051502145924,109.91716738197427,111.42532188841201,119.7188841201717,125.30772532188844,69.18412017167381,18.025751072961377,98.11727467811161,160.7987124463519,128.51802575107297,109.91716738197427,111.42532188841201,119.7188841201717,129.7218884120172,102.3090128755365,86.96094420600858,118.67124463519316
Wiang Haeng,TH5020,2014,155.16666666666666,94.10000000000001,107.76666666666667,109.7,115.80000000000001,118.0,67.0,47.70000000000001,101.90416666666668,155.16666666666666,124.26666666666667,107.76666666666667,109.7,115.80000000000001,121.23333333333335,96.10000000000002,84.73333333333333,114.34583333333335
Chai Prakan,TH5021,2014,158.47112733171124,101.86407137064072,110.12246553122465,111.15612327656122,117.83138686131386,118.34874290348742,71.13625304136252,49.30989456609894,104.78000811030006,158.47112733171124,127.84687753446877,110.12246553122465,111.15612327656122,117.83138686131386,124.9529602595296,96.7639902676399,84.79221411192215,116.49214314679642
Mae Wang,TH5022,2014,159.31014492753624,62.09710144927537,109.22971014492754,111.24710144927536,119.1753623188406,124.8739130434783,59.10144927536232,12.153623188405799,94.64855072463772,159.31014492753624,127.71739130434784,109.22971014492754,111.24710144927536,119.1753623188406,129.46449275362323,102.7717391304348,87.76666666666668,118.33532608695654
Mae On,TH5023,2014,159.60000000000002,89.7,110.5,111.10000000000001,120.0,123.9,68.60000000000001,40.300000000000004,102.9625,159.60000000000002,127.80000000000001,110.5,111.10000000000001,120.0,128.5,100.2,85.30000000000001,117.875
Doi Lo,TH5024,2014,158.90056737588654,60.132198581560296,108.25645390070925,111.03319148936171,119.06113475177305,125.5930496453901,52.0195744680851,11.284113475177305,93.28503546099292,158.90056737588654,127.54070921985819,109.28382978723405,111.03319148936171,119.06113475177305,129.4177304964539,102.83914893617022,88.08255319148937,118.26985815602838
Galyani Vadhana,TH5025,2014,,,,,,,,,,,,,,,,,,
Mueang Uttaradit,TH5301,2014,166.15590626494503,116.75124342419896,117.35918220946917,115.13223338115736,122.21683405069348,117.72274031563845,71.61056910569108,49.30133907221427,109.53125597800098,166.15590626494503,133.1164992826399,117.35918220946917,115.13223338115736,122.21683405069348,135.30337159253952,107.83101386896224,96.46415590626493,124.19739956958395
Tron,TH5302,2014,167.24133617247804,106.41857865318076,117.31450625499069,115.03031674208145,122.26563747671015,118.81618312483364,70.63223316475911,50.35198296513175,108.50884681927072,167.24133617247804,133.1994676603673,117.31450625499069,115.03031674208145,122.26563747671015,136.22286398722383,109.04484961405377,99.56547777482034,124.98555696034066
Tha Pla,TH5303,2014,166.08865507776764,121.35498627630378,117.56203110704485,115.36340347666975,121.13394327538884,114.2547118023788,69.84675205855444,46.20091491308326,108.97567474839892,166.08865507776764,133.11299176578225,117.56203110704485,115.36340347666975,121.13394327538884,134.50942360475756,107.01280878316561,93.4017383348582,123.52312442817936
Nam Pat,TH5304,2014,164.1361053071459,130.2809444212286,116.55862933556209,115.38846636021734,118.55770998746347,109.99674049310491,67.52712076890933,44.96790639364815,108.42670288340997,164.1992895946511,130.88357709987466,116.55862933556209,115.38846636021734,118.55770998746347,133.06577517760135,104.71713330547432,92.84935227747597,122.02749164229002
Fak Tha,TH5305,2014,161.95000000000002,125.825,116.15,115.32500000000002,116.55000000000001,106.87500000000001,67.22500000000001,46.70000000000001,107.075,162.55,129.45,116.15,115.32500000000002,116.55000000000001,131.32500000000002,102.525,90.05000000000001,120.49062500000002
Ban Khok,TH5306,2014,154.24952038369304,120.46282973621103,114.86438848920862,115.19364508393285,114.19172661870505,101.17985611510791,63.88860911270983,43.24568345323742,103.40953237410073,158.70995203836932,128.0465227817746,114.86438848920862,115.19364508393285,114.19172661870505,126.84232613908874,98.89016786570743,89.2285371702638,118.2459082733813
Phichai,TH5307,2014,165.6461316063375,94.54884931190009,116.07078755637797,115.29653058864346,122.35990516942292,118.30425581126403,61.707979646120044,40.54668671215451,104.31014080027758,167.84254654793568,134.08687406036776,117.67522840291431,115.29653058864346,122.35990516942292,135.14838672371923,110.39056320111023,100.2287382907367,125.3785966231063
Laplae,TH5308,2014,166.3274019819043,105.13998276604909,117.93636363636362,114.96604911676003,122.834166307626,121.01757862990091,70.55277897457988,49.25385609651013,108.50352218871176,166.3274019819043,134.49607927617404,117.93636363636362,114.96604911676003,122.834166307626,136.5940112020681,108.75872468763463,96.80387763894873,124.83958423093493
Thong Saen Khan,TH5309,2014,165.6217024041585,121.9131254061079,117.43222871994801,115.17513536928743,121.08022525449428,115.30249079488847,69.99365388780595,46.17543859649123,109.08675005414774,165.6217024041585,132.385510071475,117.43222871994801,115.17513536928743,121.08022525449428,134.1292830842538,108.24877626164177,97.24559237600174,123.91480669265756
Mae La Noi,TH5805,2014,,,,,,,,,,,,,,,,,,
Sop Moei,TH5806,2014,151.04545454545456,115.23636363636365,98.30909090909091,102.63636363636364,110.98181818181817,126.54545454545455,67.60909090909092,46.62727272727273,102.37386363636365,151.04545454545456,115.23636363636365,98.30909090909091,102.63636363636364,110.98181818181817,126.54545454545455,100.72727272727273,90.60909090909091,112.01136363636367
Pang Mapha,TH5807,2014,,,,,,,,,,,,,,,,,,
Mueang Suphan Buri,TH7201,2014,87.97276324845149,83.39719545767379,77.38637302133517,117.20449070887818,118.61256022023397,125.88200275292495,54.24544046799724,38.70350997935305,87.92554198210597,162.64597384721264,129.2430316586373,117.87360633172747,117.20449070887818,118.61256022023397,125.88200275292495,108.06756710254646,112.11286992429457,123.95526281830695
Doem Bang Nang Buat,TH7202,2014,87.77923348300196,78.39251122514433,72.93186337395765,117.6138229634381,119.6441148171905,128.63438101347018,49.4551314945478,26.94592687620269,85.17462315586917,164.9388550352791,131.08045221295703,118.07142398973703,117.6138229634381,119.6441148171905,128.6436016677357,109.80303078896732,113.14559012187298,125.36761144964721
Dan Chang,TH7203,2014,102.40669986419196,92.25219556360345,81.54006337709374,111.06684774407731,114.90837483023995,126.11436547457375,64.01282631658368,45.067421155877476,92.17109929078016,159.8164629545798,122.14905688848653,108.42838388411047,111.06684774407731,114.90837483023995,126.11436547457375,109.91513505356873,109.95172778029277,120.29379432624118
Bang Pla Ma,TH7204,2014,85.64867492850335,83.03921830314586,76.59607244995236,117.97521448999052,118.56211630123929,125.22993326978076,53.33609151572927,41.0139180171592,87.67515490943757,161.47933269780742,129.2994852240229,117.93799809342232,117.98844613918024,118.56211630123929,125.22993326978076,107.87996186844616,112.85275500476646,123.90375357483317
Si Prachan,TH7205,2014,85.77056277056279,82.75847041847044,76.06914862914861,118.28568542568546,119.41050505050507,126.91930735930737,50.703549783549775,31.433910533910534,86.41889249639249,163.8797691197691,130.31203463203462,119.16730158730161,118.28568542568546,119.41050505050507,126.91930735930737,107.54660894660894,111.79520923520924,124.66455266955268
Don Chedi,TH7206,2014,89.2087260034904,82.49117427075545,75.779880329095,116.37486910994765,118.1924956369983,126.77534280727996,53.727873348292206,35.69698329593618,87.28091810022438,162.8564198454251,128.4785838942907,115.86743954126155,116.37486910994765,118.1924956369983,126.77534280727996,109.3590376464722,112.89257043131393,123.84959486412367
Song Phi Nong,TH7207,2014,84.51450540857553,80.72262478821844,76.05248273165647,114.51129936139714,117.15392936270037,124.27856118858335,53.08090707676269,37.90997002476216,86.02803499283203,159.4406881271993,126.48400886224424,115.77148442590902,116.44518441287634,117.15392936270037,124.27856118858335,108.26654502802033,112.53179981754205,122.54652515313437
Sam Chuk,TH7208,2014,86.67578862227019,78.95912644917767,73.6479374494473,117.48506335939605,119.58875707737936,127.92607171744405,49.21393906713399,28.576759234294965,85.25918037206796,164.9034510649771,130.54467511458614,118.05168509032085,117.48506335939605,119.58875707737936,127.92607171744405,108.369290913993,112.37344297654356,124.90530466433
U Thong,TH7209,2014,87.33026353480378,80.61220280721854,75.7182612431968,114.88809796619876,117.02214265253511,125.33891435118873,54.41423660842166,37.337553709538824,86.58270910913777,161.18086508163853,127.0849470065884,115.06317674018906,115.76917788599253,117.02214265253511,125.33891435118873,109.0605843597823,113.14836723002007,122.95852191349184
Nong Ya Sai,TH7210,2014,90.46446921042691,81.2588024178315,74.82334718549302,115.70774461654705,118.17786173026064,127.69457876841716,55.40115224782772,35.49291650925577,87.37760908575746,162.87393275406126,127.55506233471856,114.62914620324898,115.70774461654705,118.17786173026064,127.69457876841716,110.69913109180204,113.55902908953533,123.86206082357387
Mueang Chachoengsao,TH2401,2014,101.99809048178615,121.99136310223271,101.0657168037603,128.9087544065805,121.29926556991778,125.86636310223267,77.89697414806112,68.68187426556993,105.96355023501765,163.11536427732082,130.5551410105758,124.31824324324329,128.9087544065805,121.29926556991778,125.86636310223267,113.02826086956524,120.48031727379555,128.446463719154
Bang Khla,TH2402,2014,113.94786995515699,128.85426008968608,118.46412556053811,128.38441704035876,121.2951793721973,125.53262331838565,80.55056053811659,71.55470852017937,111.07296804932736,162.20538116591928,128.85426008968608,123.92118834080719,128.38441704035876,121.2951793721973,125.53262331838565,111.12488789237669,118.14865470852018,127.43332399103139
Bang Nam Priao,TH2403,2014,109.3077484652398,126.72563464410156,108.50039820806373,126.41149825783972,120.36090924174552,124.51451800232292,76.93867595818816,68.02551850008295,107.59811265969803,161.45548365687745,129.17466401194625,123.03051269288204,126.41149825783972,120.36090924174552,124.51451800232292,109.99206902273104,115.27710303633651,126.2770947403352
Bang Pakong,TH2404,2014,100.9,121.09102040816327,98.49020408163265,131.58530612244897,123.68775510204082,127.69346938775512,81.59183673469389,72.39020408163267,107.17872448979594,165.19591836734696,132.8877551020408,126.98530612244899,131.58530612244897,123.68775510204082,127.69346938775512,117.58938775510204,127.07387755102042,131.58734693877554
Ban Pho,TH2405,2014,101.6457286432161,121.9743718592965,100.29045226130657,129.80301507537692,121.97638190954777,126.62462311557792,79.88894472361811,69.9884422110553,106.52399497487438,163.88844221105532,130.91608040201007,124.5316582914573,129.80301507537692,121.97638190954777,126.62462311557792,114.48090452261309,121.97889447236182,129.275
Phanom Sarakham,TH2406,2014,121.73075015499074,126.96166563339538,121.73969828476959,126.67491217193643,121.16176896052907,125.53546187228773,79.86902252531517,71.07189501963218,111.84314682785701,159.87538747675148,126.96166563339538,122.0043190741889,126.67491217193643,121.16176896052907,125.53546187228773,108.29371771027076,117.030729489564,125.94224529861542
Ratchasan,TH2407,2014,117.71414935429536,128.4479505895564,121.4828186412128,127.75356541268953,121.48854576080855,125.52099943851769,80.15491297024144,71.2396967995508,111.72532987085907,161.32549129702414,128.4479505895564,123.12172936552501,127.75356541268953,121.48854576080855,125.52099943851769,110.04896125772038,117.53756316676028,126.90560078607524
Sanam Chai Khet,TH2408,2014,126.57159690683686,125.67975942064562,120.36876150730332,125.25264514545229,121.14558733276051,125.60500797839691,79.76293114029706,69.5574812814533,111.74297133914324,157.85274334110713,125.67975942064562,120.41172210629682,125.25264514545229,121.14558733276051,125.60500797839691,106.6841904995704,116.3665643795262,124.87477752546948
Plaeng Yao,TH2409,2014,111.66424870466322,127.09487046632127,115.81590673575128,127.69233160621769,121.07316062176167,125.6673056994819,80.44668393782385,71.76093264248708,110.15193005181351,159.84435233160622,127.09487046632127,122.02880829015547,127.69233160621769,121.07316062176167,125.6673056994819,108.03963730569947,119.07601036269432,126.31455958549226
Tha Takiap,TH2410,2014,125.17031431897556,124.3003492433062,117.97970508343035,124.11920838183937,120.39491656965464,124.42219635234771,80.1058983313931,68.29724485836245,110.59872914241366,156.77012029491658,124.3003492433062,117.97970508343035,124.11920838183937,120.39491656965464,124.42219635234771,105.79464493597207,115.52995731470702,123.66388727202174
Khlong Khuean,TH2411,2014,110.70126146788992,129.3993119266055,113.06731651376147,128.00470183486237,121.19701834862386,125.45630733944954,79.56915137614679,70.68371559633027,109.75984805045871,162.4800458715596,129.62775229357797,123.67522935779816,128.00470183486237,121.19701834862386,125.45630733944954,111.16364678899082,117.53589449541285,127.3925745412844
Mueang Prachin Buri,TH2501,2014,135.69912647170528,128.8003038359286,122.9820736802127,125.24887960501329,122.0688947968097,126.91724268894794,78.87379415115838,71.80698822635776,114.04966293201673,161.35244967717432,128.8003038359286,122.9820736802127,125.24887960501329,122.0688947968097,126.91724268894794,107.23843524496773,116.06293201671097,126.33390144322065
Kabin Buri,TH2502,2014,136.46860414462637,127.82219802103432,122.96833654863401,125.9263986557969,122.18887920841368,126.94379861845792,79.93341838322237,71.18209596116749,114.17921619266914,159.91800983259708,127.8267720455536,122.96833654863401,125.9263986557969,122.18887920841368,126.94379861845792,108.19676395544215,117.6068641483602,126.44697787665693
Na Di,TH2503,2014,140.0636830102623,127.87933295324972,125.18389395667049,126.19045039908782,123.35994868871151,127.58360889395668,79.68047320410491,70.31134549600912,115.03159207525661,162.22360319270237,130.62859179019384,125.2880843785633,126.19045039908782,123.35994868871151,127.58360889395668,109.18127137970357,116.98762827822125,127.68039837514257
Ban Sang,TH2506,2014,123.08666410453496,128.73116833205225,122.51441199077637,126.07475019215991,121.51241352805533,125.26425826287472,78.7845503458878,70.70130668716374,112.08369043043811,161.51952344350502,128.73116833205225,122.94996156802462,126.07475019215991,121.51241352805533,125.26425826287472,108.0318601076095,114.66026133743277,126.09302459646428
Prachantakham,TH2507,2014,138.59811571125266,129.02436305732485,123.40026539278134,125.32096602972399,122.48845541401276,127.60780254777072,79.18208598726115,70.79835456475585,114.5525510881104,160.92696390658176,129.02436305732485,123.40026539278134,125.32096602972399,122.48845541401276,127.60780254777072,107.96788747346072,116.39607218683652,126.64159700106163
Si Maha Phot,TH2508,2014,132.0786507936508,127.16875000000005,122.01404761904763,125.58972222222224,121.57563492063493,126.26059523809525,79.25839285714288,71.26507936507934,113.15135912698413,159.7107142857143,127.16875000000005,122.01404761904763,125.58972222222224,121.57563492063493,126.26059523809525,107.19450396825398,116.66761904761907,125.77269841269839
Si Mahosot,TH2509,2014,128.67887421820714,127.2296038915914,122.18498957609454,125.91681723419043,121.5870743571925,125.86150104239056,79.66240444753304,70.91035441278667,112.7539523974983,160.0166782487839,127.2296038915914,122.18498957609454,125.91681723419043,121.5870743571925,125.86150104239056,108.2961084086171,115.92119527449618,125.87674600416959
Mueang Nakhon Ratchasima,TH3001,2014,138.87105222615932,82.35852719149595,101.84128793714375,130.09221999691886,126.79448467108304,111.89520875057781,68.33968571868743,51.17458018795254,101.42088083500232,172.85472192266215,143.44336773994763,138.490895085503,130.09221999691886,126.79448467108304,131.48088122015096,109.58058850716375,119.29816669234327,134.00441572947162
Khon Buri,TH3002,2014,136.35311591863092,97.55290065654938,113.24048003444189,128.37887202669248,125.32592831772679,118.14268647077814,73.37417931331392,59.23353783231083,106.45021257130554,168.04636745237318,138.06758153051337,131.48313421590782,128.37887202669248,125.32592831772679,127.54003874717469,107.19831019265955,115.56960499408027,130.20122968464105
Soeng Sang,TH3003,2014,129.09781339128077,100.75687898954232,115.3804427543121,129.14400380279778,126.00957490153472,117.58006247453487,71.94431617547194,56.08557653130517,105.74983362759748,168.12871112318345,138.95486893929106,131.86724161347274,129.14400380279778,126.00957490153472,128.3260220019014,109.64276789352168,117.56820589433654,131.20517452125492
Khong,TH3004,2014,132.57800175284837,83.4492550394391,110.9899586828596,129.7427068987104,127.91596344059099,106.88578940778768,65.21960686114937,36.396456742206084,99.14721735319897,174.2899712032052,143.57613622135972,135.31918116940028,129.7427068987104,127.91596344059099,133.86710905220986,111.89032177288094,120.14920495805684,134.59382433955176
Ban Lueam,TH3005,2014,130.21722861842107,82.21393914473686,100.52964638157894,127.84432565789471,126.60699013157897,106.37726151315792,62.460649671052636,33.85324835526316,96.26291118421054,173.0703536184211,141.40538651315788,132.2922286184211,127.84432565789471,126.60699013157897,133.42265625000002,109.87870065789474,118.21537828947366,132.84200246710526
Chakkarat,TH3006,2014,135.457859375,90.83928125,123.28332812500001,131.821953125,128.959875,110.71070312500001,70.42353125,51.54370312500001,105.380029296875,174.312765625,145.33896875000002,138.70173437500003,131.821953125,128.959875,132.31843750000002,113.11790625000002,120.61473437500001,135.64829687499997
Chok Chai,TH3007,2014,139.8635310054184,87.97656532209514,110.19957856712828,130.35752558699582,126.89429560505725,114.29953341360627,71.74259482239614,56.29124021673691,104.70310806742928,171.39715532811567,142.0707405177604,136.2693558097532,130.35752558699582,126.89429560505725,130.21828717639974,108.93109572546662,118.12230583985554,133.03259519867552
Dan Khun Thot,TH3008,2014,143.28947589854545,84.53174059382138,96.89118283447527,125.4032035100372,124.02758745041467,113.34129102055537,67.56923308089912,49.898052650558924,100.61897087991342,169.55319749969945,137.99319028729406,129.92059141723757,125.4032035100372,124.02758745041467,129.81491164803464,106.53592979925475,115.99699483110948,129.90570080538527
Non Thai,TH3009,2014,138.62564841498562,78.77026614680456,99.48659094761828,129.27138498050516,127.18401423970168,109.58552296999491,66.06306153585355,44.03097135107647,99.12718257331753,172.58538735378878,143.51317172402102,137.12373283607394,129.27138498050516,127.18401423970168,132.51045939989828,111.33480250889986,119.76228174266826,134.16065434819467
Non Sung,TH3010,2014,137.904065344806,81.99458785384712,113.19620900361642,131.11126075570522,128.70916573138797,108.45574261129815,67.27446065594215,44.24816061853099,101.61170657189177,174.83683751091158,145.56812570145902,138.8886145404664,131.11126075570522,128.70916573138797,134.0469385210126,112.7790372864447,120.8402294550443,135.84752618780396
Kham Sakaesaeng,TH3011,2014,134.82642585551332,79.46404467680608,103.13457699619772,129.03417300380224,127.31568441064637,107.20539448669201,65.02352661596957,36.49603136882129,97.81248217680606,173.0434173003802,142.2053231939163,134.93486216730042,129.03417300380224,127.31568441064637,133.5016397338403,112.14092205323195,119.64622148288971,133.97778041825097
Bua Yai,TH3012,2014,129.17846375881976,86.68614496472101,110.71492944194999,129.32034958306605,127.92091084028226,105.9754329698525,64.63074085952536,33.685920461834506,98.5141116100064,174.15091404746636,143.14640795381658,133.97929762668377,129.32034958306605,127.92091084028226,134.3003046824888,111.89672867222578,119.40277421423987,134.26471095253365
Prathai,TH3013,2014,125.75035402601678,103.58173884406388,134.28574016137,132.0205499753005,129.25731928206818,105.7195784620451,66.69430265107853,37.94161040671825,104.40639922608264,175.5863988144245,144.9228387946649,135.75191832702123,132.0205499753005,129.25731928206818,135.16945496459738,113.34088588835827,121.38216696854929,135.92894162687304
Pak Thong Chai,TH3014,2014,141.1180970149254,90.42508162313435,105.63427005597018,127.49539412313429,124.84281716417911,116.84371501865678,71.97037080223882,58.26010960820896,104.57373192630597,168.0717000932836,137.9731693097015,131.72814832089557,127.49539412313429,124.84281716417911,127.70881529850749,105.28249766791046,113.99149953358214,129.63675518889931
Phimai,TH3015,2014,133.02416457227955,93.62770175928509,132.09801731359954,132.54037978218375,129.84721213813646,108.04882248906259,67.57878618635388,44.63943963511121,105.17556548450152,175.9012100902913,145.6101554500605,138.91923112724558,132.54037978218375,129.84721213813646,134.63444103136922,112.89433119240435,121.46916131434416,136.47701526575437
Huai Thalaeng,TH3016,2014,130.8823825503355,99.83846857840146,136.12988102501527,132.58296217205614,129.9528370957901,110.77184258694328,71.34008541793774,51.32814215985359,107.85332519829167,176.09316656497867,146.29199206833437,139.07892007321536,132.58296217205614,129.9528370957901,134.5237034777303,115.44821537522883,122.22972849298355,137.02519066503964
Chum Phuang,TH3017,2014,128.08422443074602,106.57111586363064,137.2982639325702,133.10791294502457,130.13914957856335,109.79898100389985,70.78168323059506,49.663492263177766,108.18060290602594,176.35190590011325,144.78319285444712,137.37395898855206,133.10791294502457,130.13914957856335,135.75994464712548,114.91737325449745,122.26911561202668,136.83781922254374
Sung Noen,TH3018,2014,143.1965413155578,84.6254433404603,96.1267639290655,126.62551880266636,124.31165891082883,115.01105521318074,69.68356181612374,55.13736636901018,101.8397387121117,168.71926801660175,138.24798138598916,131.908514652245,126.62551880266636,124.31165891082883,128.00269148534775,105.04771726826813,115.78415293673753,129.83093793233553
Kham Thale So,TH3019,2014,140.34808806488994,81.38756276554655,96.21993047508693,128.44109694862883,125.50084974893785,112.56631904210121,67.8995751255311,51.3981460023175,100.47019602162999,171.3426419466976,141.7156044804944,135.57732715334112,128.44109694862883,125.50084974893785,130.54522981846273,107.93607570490539,119.33368095789882,132.54906334492082
Sikhio,TH3020,2014,143.33263651460382,83.35719449057342,87.07908566962975,123.74452476311423,122.23899579955065,115.47937872423556,68.63193318354986,53.232118784800235,99.63698349125717,166.85818110774642,135.11776887760084,127.54158444856888,123.74452476311423,122.23899579955065,126.61497509035848,103.22450913353521,113.1962782065058,127.31710217837248
Pak Chong,TH3021,2014,139.68938798965615,92.60878268365097,95.35492768891868,120.63920122593616,119.25152763145293,119.24864476582702,69.82755483191265,58.118676371994994,101.84233789866866,161.0810458768317,129.95529163873195,122.7814768700316,120.63920122593616,119.25152763145293,121.84610669476103,99.34010152284262,107.7128340197299,122.82594818503973
Nong Bun Mak,TH3022,2014,137.29629461584997,92.21483666061711,115.64903206291592,130.73947368421057,127.26808832425893,113.4753781004235,72.10775862068965,55.72038717483363,105.55890615547489,171.93747731397457,143.09464609800366,136.73582879612823,130.73947368421057,127.26808832425893,129.92639140955842,110.86131276467027,119.31303690260135,133.73453191167573
Kaeng Sanam Nang,TH3023,2014,128.26028037383173,84.99865310610225,100.14675645959318,128.66924134139634,127.03018141836172,105.23982957669051,62.29161627267729,32.771495327102805,96.17600673446947,173.38108851017043,141.78383727322705,132.6016767454645,128.66924134139634,127.03018141836172,134.06915887850468,110.51338647608574,117.69439252336447,133.21787039582188
Non Daeng,TH3024,2014,130.02361376673042,93.46472275334611,127.28422562141496,131.67021988527725,129.36027724665394,107.21285850860423,66.84904397705546,37.789866156787774,102.95685348948375,175.4582695984704,145.3246653919695,137.24220841300192,131.67021988527725,129.36027724665394,135.15664435946462,113.14397705544933,121.48709369024859,136.10541945506696
Wang Nam Khiao,TH3025,2014,140.0538230884558,99.2995314842579,105.16977136431785,122.42157046476763,120.66392428785608,120.2477323838081,72.3652923538231,60.723407046476765,105.11813155922039,160.87820464767617,130.39703898050973,123.67794227886058,122.42157046476763,120.66392428785608,122.50967016491755,101.03407046476762,108.76191904047973,123.79304254122941
Thepharak,TH3026,2014,148.65236391515467,97.54957832864811,107.4062611806798,123.20838231535907,122.60299003322262,116.78770764119602,70.55118834653716,56.14387937643751,105.36279389215436,167.38103756708412,134.9225146946077,126.52225913621263,123.20838231535907,122.60299003322262,129.00125223613597,104.3194224380271,113.37020189113213,127.66600753897266
Mueang Yang,TH3027,2014,124.05640856672156,115.01782537067545,138.13719934102144,133.51927512355846,130.49110378912687,109.5322240527183,71.07275123558485,50.302471169686996,109.01615733113675,176.55028006589782,145.4172322899506,138.13719934102144,133.51927512355846,130.49110378912687,136.85644151565072,114.62158154859965,122.71245469522242,137.28819604612852
Phra Thong Kham,TH3028,2014,134.54956171523335,76.69395877754086,96.23539445629002,127.6869462212746,126.05124378109454,107.91738924425492,63.19779673063257,36.08701729447999,96.0524135276001,171.97737502961382,140.71326699834165,133.59087893864012,127.6869462212746,126.05124378109454,132.4123667377399,110.0438995498697,118.40324567638001,132.60990286661936
Lam Thamenchai,TH3029,2014,125.42536953242839,116.90199095022626,137.25472096530925,132.8785822021117,130.26847662141788,111.60642533936655,73.78956259426849,54.721749622926104,110.35585972850681,176.4892307692309,144.60971342383112,137.25472096530925,132.8785822021117,130.26847662141788,136.5164705882353,115.63381598793367,123.51441930618405,137.1456787330317
Bua Lai,TH3030,2014,126.66855172413797,92.75586206896554,118.82321839080463,129.74763218390808,128.03121839080464,104.67342528735637,64.28629885057474,32.38616091954023,99.67154597701152,174.12055172413795,143.3580229885058,133.2292413793104,129.74763218390808,128.03121839080464,134.35094252873566,112.06377011494256,119.14547126436786,134.25585632183913
Sida,TH3031,2014,127.84157458563534,94.42900552486185,124.44963167587474,131.02426335174954,129.00474217311233,105.70524861878451,65.62398710865561,34.79254143646408,101.60887430939225,175.1352670349908,144.77753222836097,135.61390423572743,131.02426335174954,129.00474217311233,134.56118784530383,112.63324125230201,120.49254143646405,135.40533494475136
Chaloem Phra Kiat,TH3032,2014,138.5306760847629,84.29803229061555,112.01074672048439,131.2912209889001,128.1814328960646,110.41720484359236,69.12542885973764,50.74364278506561,103.0747981836529,173.58738647830478,143.96957618567112,138.5036326942482,131.2912209889001,128.1814328960646,132.1896569122099,111.42684157416753,119.36695257315846,134.8145875378406
Mueang Amnat Charoen,TH3701,2014,95.52885432866769,136.36097459823736,127.98712286158626,133.91844479004666,126.98273716951789,101.69486780715395,67.02311041990671,55.84150336962154,105.66720191809226,173.3211715914982,136.36097459823736,127.98712286158626,133.91844479004666,126.98273716951789,141.03382063245203,118.7459823742872,130.20317262830483,136.0691783307413
Chanuman,TH3702,2014,83.5360164197751,132.7849366410851,124.33007317508472,133.18822059610923,124.87023023380326,96.83114402998392,60.48070676423346,46.67074781367125,100.33650945921825,172.89184365518466,132.7849366410851,124.33007317508472,133.18822059610923,124.87023023380326,139.83835445297163,114.91415313225056,124.39643048366943,133.40178029626986
Pathum Ratchawongsa,TH3703,2014,89.51824150058619,134.8043141852286,126.0320046893318,133.8758499413834,126.01941383352876,99.37486518171161,63.22900351699885,48.617162954279024,102.68385697538105,172.89859320046898,134.8043141852286,126.0320046893318,133.8758499413834,126.01941383352876,139.93936694021107,116.97472450175852,128.25350527549824,134.84972157092616
Phana,TH3704,2014,92.85044319097504,136.8382755842063,128.07381144238516,134.95108783239323,127.33887993553587,102.36099919419823,66.55866236905722,52.900725221595486,105.2341105962933,173.56208702659148,136.8382755842063,128.07381144238516,134.95108783239323,127.33887993553587,140.99037066881553,119.22296535052381,131.1616841257051,136.51739524576953
Senangkhanikhom,TH3705,2014,91.74108469539375,135.38776622090143,126.90193164933139,133.5962852897474,126.2136948984646,100.52986627043089,64.61830113917782,54.55004952947004,104.19237246161464,172.75492818226843,135.38776622090143,126.90193164933139,133.5962852897474,126.2136948984646,142.26307578008914,117.14593858345717,129.48457157008423,135.46852402179294
Hua Taphan,TH3706,2014,98.76026124818578,137.80069666182877,129.26229317851963,134.5125689404935,128.08281567489115,104.45492017416547,69.86476052249637,57.316865021770695,107.50689767779392,173.9354716981133,137.80069666182877,129.26229317851963,134.5125689404935,128.08281567489115,141.45384615384617,120.12870827285927,130.07526850507986,136.90645863570396
Lue Amnat,TH3707,2014,95.11427354069022,137.50259906263315,129.12347677886663,134.98956114188326,127.8083510864934,103.38892202812102,68.06484874307628,55.413463996591396,106.4256870472944,173.61406050276952,137.50259906263315,129.12347677886663,134.98956114188326,127.8083510864934,142.0329782701321,120.31614827439284,132.18589688964636,137.1966340008521
Mueang Mae Hong Son,TH5801,2014,158.5,98.5,109.60000000000001,111.30000000000001,114.60000000000001,127.5,64.0,48.800000000000004,104.1,158.5,124.80000000000001,109.60000000000001,111.30000000000001,114.60000000000001,127.5,100.0,89.7,117.00000000000001
Khun Yuam,TH5802,2014,,,,,,,,,,,,,,,,,,
Pai,TH5803,2014,157.9,89.9,108.62500000000001,110.00000000000001,116.725,117.4,64.325,45.375,101.28125000000001,157.9,124.5,108.62500000000001,110.00000000000001,116.725,126.7,99.1,87.65,116.4
Mae Sariang,TH5804,2014,151.32619047619048,114.64778911564628,98.60748299319731,103.26003401360546,110.6886054421769,126.59353741496601,67.51258503401361,44.933503401360554,102.19621598639456,151.32619047619048,115.92738095238099,98.60748299319731,103.26003401360546,110.6886054421769,126.59353741496601,100.74285714285716,89.76802721088437,112.11426445578233
Mueang Samut Songkhram,TH7501,2014,76.01847133757963,100.1312101910828,82.26751592356688,123.15031847133756,119.09235668789806,126.53566878980891,72.41592356687897,42.28853503184713,92.73749999999998,162.96178343949043,128.9031847133758,117.90636942675158,123.15031847133756,119.09235668789806,126.53566878980891,116.53566878980891,124.52866242038216,127.4517515923567
Bang Khonthi,TH7502,2014,76.24965034965035,99.72307692307693,82.19370629370631,122.48531468531468,118.7825174825175,126.05874125874128,72.07552447552447,43.28531468531468,92.60673076923078,162.51958041958042,128.13706293706295,117.54895104895108,122.48531468531468,118.7825174825175,126.05874125874128,115.52237762237762,123.13706293706295,126.77395104895105
Amphawa,TH7503,2014,68.00672268907563,99.4138655462185,77.20378151260506,112.5609243697479,117.26050420168067,126.05000000000001,76.92773109243699,32.384873949579834,88.72605042016808,162.00420168067228,126.88025210084034,114.73571428571431,121.12310924369747,118.65336134453781,126.05000000000001,115.43445378151262,124.6747899159664,126.19448529411765
Mueang Samut Prakan,TH1101,2014,,,,,,,,,,,,,,,,,,
Bang Bo,TH1102,2014,100.85764705882353,119.97882352941177,97.25764705882355,129.75764705882355,122.15058823529412,126.85764705882355,80.51529411764707,71.0870588235294,106.05779411764708,164.6364705882353,131.37176470588236,125.12941176470589,129.75764705882355,122.15058823529412,126.85764705882355,116.21529411764708,123.7164705882353,129.9794117647059
Bang Phli,TH1103,2014,,,,,,,,,,,,,,,,,,
Phra Pradaeng,TH1104,2014,,,,,,,,,,,,,,,,,,
Phra Samut Chedi,TH1105,2014,,,,,,,,,,,,,,,,,,
Bang Sao Thong,TH1106,2014,100.4,122.7,96.30000000000001,127.80000000000001,120.9,125.4,79.60000000000001,73.8,105.8625,162.10000000000002,129.6,124.7,127.80000000000001,120.9,125.4,111.2,120.60000000000001,127.78750000000001
Mueang Ubon Ratchathani,TH3401,2014,96.61294703485741,135.90629244001812,126.79646899049345,133.49628791308282,128.00140334993208,105.7437301946582,71.8501131733816,56.14513354459031,106.81904708012672,174.05391579900407,135.90629244001812,126.79646899049345,133.49628791308282,128.00140334993208,140.4716613852422,122.11846989588048,131.10407424173832,136.49357175192395
Si Mueang Mai,TH3402,2014,90.22594339622644,135.33097484276732,124.16625393081763,134.59117531446543,126.9349842767296,102.34296383647802,69.88435534591196,54.279992138364776,104.71958038522017,172.81688286163526,135.33097484276732,124.16625393081763,134.59117531446543,126.9349842767296,139.546835691824,121.38801100628935,128.07938286163525,135.35681259827047
Khong Chiam,TH3403,2014,91.02041958041958,134.92671328671324,123.48300699300698,134.90258741258745,127.25643356643357,103.01468531468531,71.30790209790209,55.89167832167832,105.22542832167832,173.64839160839162,134.92671328671324,123.48300699300698,134.90258741258745,127.25643356643357,139.95125874125873,121.85244755244754,127.37930069930067,135.4250174825175
Khueang Nai,TH3404,2014,101.25698324022348,138.43525139664806,129.18808193668528,134.36800744878957,128.85236499068898,107.43724394785846,73.43472998137801,59.9684729981378,109.11764199255123,174.42108007448792,138.43525139664806,129.18808193668528,134.36800744878957,128.85236499068898,141.07342644320298,121.83733705772809,131.87897579143385,137.5068156424581
Khemarat,TH3405,2014,83.67547812914223,134.61571672031812,124.92427570535887,134.14491573565616,125.5809127059269,96.77894338193528,61.48221927665215,37.9535504639273,99.89450151486463,172.3528877106609,134.61571672031812,124.92427570535887,134.14491573565616,125.5809127059269,138.43554251088813,117.56915356939977,126.66165498958532,134.28563245597422
Det Udom,TH3407,2014,98.93079103858389,134.38381275065692,124.19837505186,132.90660351265382,127.0856174802932,112.94343106071086,79.42765177707095,61.46985202599919,108.91826683722859,170.86753561056565,134.38381275065692,124.19837505186,132.90660351265382,127.0856174802932,140.84834047849534,124.32830867099986,129.77656617342006,135.54939496611814
Na Chaluai,TH3408,2014,103.55215215215213,132.38096096096092,122.60390390390388,132.68334334334335,126.08274274274277,116.15721721721722,82.07855855855857,64.20642642642642,109.96816316316314,169.93927927927922,132.38096096096092,122.60390390390388,132.68334334334335,126.08274274274277,140.2156956956957,124.68914914914916,127.17489489489488,134.47124624624624
Nam Yuen,TH3409,2014,99.52440919391388,132.6644383295565,122.53954354159926,131.5861443832956,126.04993525412756,117.58447717707998,83.6233894464228,64.02486241502103,109.69964996762708,168.88695370670126,132.6644383295565,122.53954354159926,131.5861443832956,126.04993525412756,139.6066688248624,125.62936225315636,127.60885399805763,134.32148753641954
Buntharik,TH3410,2014,106.16043380703069,132.9798653702319,122.76771877337326,133.60952879581154,126.50548990276744,112.403904263276,78.90073298429321,63.02930441286465,109.54462228870608,170.842842183994,132.9798653702319,122.76771877337326,133.60952879581154,126.50548990276744,140.7491697830965,123.79162303664924,127.42234854151086,134.83357329842937
Trakan Phuet Phon,TH3411,2014,90.6361246105919,136.4549781931464,126.62168224299063,134.75455451713393,126.85405607476633,101.5693208722741,66.47454205607475,49.41191277258566,104.09714641744546,173.27222429906544,136.4549781931464,126.62168224299063,134.75455451713393,126.85405607476633,139.90449844236755,119.6323364485981,130.5694080996885,136.0079672897196
Kut Khaopun,TH3412,2014,88.60072065888812,135.65960878517504,126.03363074811257,134.3628002745367,126.05020590253949,99.15432395332877,63.75490734385723,43.69866163349348,102.1643574124914,172.61592312971862,135.65960878517504,126.03363074811257,134.3628002745367,126.05020590253949,139.2035003431709,118.47947838023336,129.11736444749488,135.19031400137268
Muang Sam Sip,TH3414,2014,97.0484227701233,137.72066715010874,128.41996011602612,134.78147208121828,128.128807106599,104.20902828136332,69.79106236403193,56.2010514865845,107.0375589195069,174.01850978970268,137.72066715010874,128.41996011602612,134.78147208121828,128.128807106599,140.54923857868022,120.7389050036258,132.01870920957217,137.04703362944161
Warin Chamrap,TH3415,2014,98.61368739205528,135.7322538860103,126.50740500863559,133.07089810017274,128.01239205526772,109.02260362694301,76.07094127806562,59.167227979274614,108.2746761658031,172.4510362694301,135.7322538860103,126.50740500863559,133.07089810017274,128.01239205526772,141.0524395509499,124.29665371329885,131.90762089810016,136.6288374352332
Phibun Mangsahan,TH3419,2014,95.72405263157897,134.77471578947362,124.32175789473683,133.9602842105263,127.28698947368424,106.66997894736842,73.5573789473684,57.65437894736842,106.74369210526311,173.29242105263154,134.77471578947362,124.32175789473683,133.9602842105263,127.28698947368424,140.95942105263157,122.6570421052632,128.56685263157897,135.7274355263158
Tan Sum,TH3420,2014,92.46154712730007,136.0392414570034,125.01314307172363,134.16954562523475,127.32534735260987,103.89984979346605,70.95306045812993,54.609913631242975,105.55895606458881,173.16057078482916,136.0392414570034,125.01314307172363,134.16954562523475,127.32534735260987,140.18103642508453,122.57356365001877,129.50428088621857,135.99584115659033
Pho Sai,TH3421,2014,85.31998555261258,134.0871659041657,123.6129063327715,134.55114375150495,126.2118709366723,98.4279797736576,64.45677823260294,45.012930411750546,101.46009511196728,172.669925355165,134.0871659041657,123.6129063327715,134.55114375150495,126.2118709366723,138.16417047917167,118.4063809294486,124.44543703346982,134.0186250902962
Samrong,TH3422,2014,99.57107417514264,135.16038203919626,125.72731332175641,132.62307119821384,127.97519225998515,111.31753907219054,78.97596129992559,61.808881170925346,109.14492681716698,171.26690647482016,135.16038203919626,125.72731332175641,132.62307119821384,127.97519225998515,140.8075911684446,125.35519722153315,132.2769536095262,136.3990759116845
Don Mot Daeng,TH3424,2014,93.57937743190662,135.3960440985733,126.08326848249031,133.72237354085604,127.49831387808042,104.17250324254218,69.92548638132295,53.642736705577185,105.50251297016862,173.93852140077826,135.3960440985733,126.08326848249031,133.72237354085604,127.49831387808042,140.0609597924773,121.44481193255514,130.31939040207524,136.05796044098577
Sirindhorn,TH3425,2014,96.571519853948,133.48105887722502,123.18658146964857,134.44226380648104,127.33660429027843,105.42044728434503,73.51560931081698,58.47631218621635,106.55379963486993,173.2932907348243,133.48105887722502,123.18658146964857,134.44226380648104,127.33660429027843,140.6832040164309,122.8813783660429,128.22875399361024,135.44164194431767
Thung Si Udom,TH3426,2014,98.13862275449102,133.6944777112442,123.80369261477045,132.14617431803057,126.93522954091817,115.27767797737859,82.14856952761144,62.48416500332668,109.3285761809714,169.69421157684633,133.6944777112442,123.80369261477045,132.14617431803057,126.93522954091817,140.3522954091816,126.09680638722554,130.16490352628077,135.3609738855622
Na Yia,TH3429,2014,97.26799999999999,135.2693211009174,125.37746788990822,133.18264220183482,127.25816513761461,109.51467889908255,76.21177981651374,57.95566972477063,107.75471559633024,172.48440366972474,135.2693211009174,125.37746788990822,133.18264220183482,127.25816513761461,141.29244036697244,124.58579816513759,130.2635596330275,136.21422477064215
Na Tan,TH3430,2014,82.51446338093047,136.20055274067252,125.58208198986642,135.35688622754492,126.04039613081534,97.02367572547216,61.55195762321513,36.65605711653617,100.11575886688166,172.1941962229388,136.20055274067252,125.58208198986642,135.35688622754492,126.04039613081534,138.4347305389222,117.34348226623679,128.29387379087981,134.93077498848461
Lao Suea Kok,TH3431,2014,95.3413484971568,136.6714865962632,127.26774979691311,134.40194963444353,127.67725426482538,103.92087733549961,69.85710804224209,54.357757920389936,106.1869415109667,173.6831844029245,136.6714865962632,127.26774979691311,134.40194963444353,127.67725426482538,139.84427294882212,121.24419171405364,131.14427294882208,136.49179528838346
Sawang Wirawong,TH3432,2014,94.65128654970762,134.22672514619887,124.56748538011696,132.6764912280702,127.19789473684212,105.9000584795322,71.84561403508772,55.32491228070176,105.79880847953218,173.36099415204683,134.22672514619887,124.56748538011696,132.6764912280702,127.19789473684212,140.94865497076026,122.67725146198833,130.12350877192983,135.7223757309942
Nam Khun,TH3433,2014,97.36063334368211,133.13325054330957,123.13396460726482,131.49152437131326,126.72232226016764,117.49602607885751,83.68342129773362,63.62378143433716,109.58061549208323,168.79773362309845,133.13325054330957,123.13396460726482,131.49152437131326,126.72232226016764,139.8099658491152,126.0106799130705,128.84299906861224,134.74280502949395
Mueang Nong Bua Lam Phu,TH3901,2014,113.6363486086877,126.97684819542663,121.4143172008449,124.55220865093216,119.07172375792086,98.22708237671046,63.658692258242276,43.32080080815503,101.35725273211501,167.71400495913312,134.6948939296538,121.4143172008449,124.55220865093216,119.07172375792086,129.70475709431537,104.47428597667371,104.1959316741666,125.72776540545507
Na Klang,TH3902,2014,116.83859478935699,127.36959534368071,119.73917682926832,122.31122505543237,117.18262195121952,98.61531319290467,64.01294345898005,42.72095343680711,101.09880300720623,166.30929878048784,132.63162416851446,119.73917682926832,122.31122505543237,117.18262195121952,128.79451219512197,102.97189578713972,101.08343957871399,123.8779742932373
Non Sang,TH3903,2014,112.52124071471592,125.77683196145354,123.90056213611723,125.88110821120259,121.14087532623971,97.73641838988154,62.47283677976309,43.96876129291307,101.67482935153582,168.9213410961654,136.843665930536,123.90056213611723,125.88110821120259,121.14087532623971,131.58737201365187,106.36030917486447,108.87952218430034,127.9393445091347
Si Bun Rueang,TH3904,2014,115.1024097506513,117.39747860066993,123.11991068105694,123.98795124674362,120.23916077409754,96.66430963900257,60.178107554893934,39.79487346483065,99.56052521399326,169.2706922218087,135.71376069966507,123.12454410122812,123.98795124674362,120.23916077409754,129.71316524004465,104.61521213248973,104.33041496092295,126.374362672125
Suwannakhuha,TH3905,2014,119.61769879076587,130.32882008061563,117.66896299010622,121.31978746793693,115.09052766581162,99.49336753389521,67.06079149871748,44.81220227189446,101.92401978746794,164.53831073653353,130.32882008061563,117.66896299010622,121.31978746793693,115.09052766581162,127.90549651887136,102.73422499083912,97.98528765115425,122.1964272627336
Na Wang,TH3906,2014,122.59431643625192,124.88291858678954,119.1058986175115,121.17772657450078,115.92427035330265,97.4648233486943,62.3300153609831,41.28718894009217,100.59589477726574,165.83118279569888,132.10347158218127,119.1058986175115,121.17772657450078,115.92427035330265,127.05219662058369,101.62509984639019,99.12187403993856,122.74271505376343
Mueang Surat Thani,TH8401,2014,126.76116788321167,136.54700729927006,124.97416058394161,120.96408759124087,123.0621897810219,129.4912408759124,114.8756204379562,114.96540145985402,123.9551094890511,154.1407299270073,136.54700729927006,144.33970802919708,139.0105109489051,136.1541605839416,129.4912408759124,114.8756204379562,114.96540145985402,133.69054744525548
Kanchanadit,TH8402,2014,120.99883720930235,138.06104651162786,111.3421511627907,109.3125,109.92587209302324,129.0186046511628,112.65886627906977,112.18997093023258,117.93848110465115,154.5063953488372,138.8800872093023,147.16061046511626,141.31148255813952,137.52281976744183,129.0186046511628,112.65886627906977,112.18997093023258,134.1561046511628
Don Sak,TH8403,2014,116.53467153284672,133.36368613138686,101.04160583941606,98.63467153284672,101.50383211678833,130.07062043795622,112.5786496350365,113.08229927007302,113.3512545620438,157.5417883211679,142.44580291970806,152.83412408759128,144.5167883211679,141.60693430656934,130.07062043795622,112.5786496350365,113.08229927007302,136.83462591240877
Ko Samui,TH8404,2014,,,,,,,,,,,,,,,,,,
Ko Pha-Ngan,TH8405,2014,,,,,,,,,,,,,,,,,,
Chaiya,TH8406,2014,115.74839743589743,130.54198717948717,110.85256410256409,98.07323717948718,112.17772435897434,126.81698717948716,114.70528846153846,114.49278846153845,115.4261217948718,150.78541666666666,130.54198717948717,136.2421474358974,131.22676282051282,130.39871794871794,126.81698717948716,114.70528846153846,114.49278846153845,129.40126201923078
Tha Chana,TH8407,2014,,,,,,,,,,,,,,,,,,
Khiri Rat Nikhom,TH8408,2014,,,,,,,,,,,,,,,,,,
Ban Ta Khun,TH8409,2014,,,,,,,,,,,,,,,,,,
Phanom,TH8410,2014,,,,,,,,,,,,,,,,,,
Tha Chang,TH8411,2014,121.70181818181818,133.8527272727273,119.89363636363638,109.55454545454546,119.87636363636365,127.79909090909089,115.91636363636366,116.0018181818182,120.57454545454546,151.80272727272725,133.8527272727273,138.10454545454544,133.66727272727275,131.68636363636364,127.79909090909089,115.91636363636366,116.0018181818182,131.10386363636366
Ban Na San,TH8412,2014,139.53428571428577,134.4332142857143,141.32285714285715,138.84464285714284,134.02214285714288,128.9225,112.86642857142859,113.61107142857145,130.44464285714287,152.06750000000002,134.4332142857143,145.5225,138.84464285714284,134.02214285714288,128.9225,112.86642857142859,113.61107142857145,132.53625
Ban Na Doem,TH8413,2014,139.8197080291971,134.60693430656934,143.6226277372263,137.19014598540147,133.3624087591241,128.3,113.30693430656936,113.32773722627738,130.44206204379563,150.0138686131387,134.60693430656934,144.620802919708,137.19014598540147,133.3624087591241,128.3,113.30693430656936,113.32773722627738,131.84110401459853
Khian Sa,TH8414,2014,148.9,132.35,141.85000000000002,137.4,131.10000000000002,129.5,116.60000000000001,115.10000000000001,131.6,148.9,132.35,141.85000000000002,137.4,131.10000000000002,129.5,116.60000000000001,115.10000000000001,131.6
Wiang Sa,TH8415,2014,,,,,,,,,,,,,,,,,,
Phrasaeng,TH8416,2014,147.8,132.6,141.9,137.5,130.9,129.8,115.9,114.9,131.4125,147.8,132.6,141.9,137.5,130.9,129.8,115.9,114.9,131.4125
Phunphin,TH8417,2014,129.6577844311377,133.25239520958084,130.45419161676648,122.23413173652696,128.10568862275449,126.27335329341318,114.74760479041917,114.32365269461079,124.8811002994012,150.6,133.25239520958084,138.137125748503,134.23922155688624,130.76077844311376,126.27335329341318,114.74760479041917,114.32365269461079,130.29176646706586
Chai Buri,TH8418,2014,,,,,,,,,,,,,,,,,,
Vibhavadi,TH8419,2014,,,,,,,,,,,,,,,,,,
Mueang Nakhon Si Thammarat,TH8001,2014,151.79308722403184,126.81541802388706,104.04466159971045,134.14089757509953,106.90300398117986,129.49149475208105,109.52855591748097,108.26673905175537,121.3729822656533,152.02363373145133,139.90774520448792,151.9254433586681,145.20195439739416,137.5183858125226,129.49149475208105,109.52855591748097,108.26673905175537,134.23299402823017
Phrom Khiri,TH8002,2014,153.51960784313727,133.3392156862745,108.17843137254901,138.65882352941176,112.86078431372549,130.82941176470587,110.7843137254902,109.8686274509804,124.75490196078432,153.51960784313727,143.83333333333331,152.59607843137255,146.5686274509804,139.0235294117647,130.82941176470587,110.7843137254902,109.8686274509804,135.87794117647059
Lan Saka,TH8003,2014,152.0,137.3,120.60000000000001,139.4,125.5,128.5,109.60000000000001,107.7,127.57500000000002,152.0,137.3,149.4,139.4,134.5,128.5,109.60000000000001,107.7,132.3
Chawang,TH8004,2014,147.0,133.1,143.70000000000002,136.9,131.8,129.3,112.9,112.60000000000001,130.9125,147.0,133.1,143.70000000000002,136.9,131.8,129.3,112.9,112.60000000000001,130.9125
Phipun,TH8005,2014,,,,,,,,,,,,,,,,,,
Chian Yai,TH8006,2014,148.23109996417057,112.91605159441062,95.07545682551059,131.357147975636,90.72712289501972,127.05395915442494,106.29699032604802,106.0136510211394,114.70893496954498,148.23926907918312,135.65077033321393,150.50354711572916,140.4500179147259,134.2098530992476,127.05395915442494,106.29699032604802,106.0136510211394,131.05225725546399
Cha-Uat,TH8007,2014,146.77666900913562,118.9044975404076,103.92234715390023,135.68812368236124,103.08425860857344,127.52874209416727,106.82944483485596,106.08369641602252,118.602222417428,146.77666900913562,131.3183415319747,146.12867182009842,135.69402670414618,131.11672522839075,127.52874209416727,106.82944483485596,106.08369641602252,128.93453970484893
Tha Sala,TH8008,2014,152.2595174262735,136.21099195710454,109.30040214477212,135.9235924932976,112.78672922252011,129.91689008042897,111.93847184986596,110.74048257372654,124.88463471849867,153.0770777479893,143.07144772117965,151.47359249329762,143.364745308311,136.83954423592493,129.91689008042897,111.93847184986596,110.74048257372654,135.0527815013405
Thung Song,TH8009,2014,145.1,130.1,136.4,134.0,130.9,129.3,110.80000000000001,111.7,128.5375,145.1,130.1,142.4,134.0,130.9,129.3,110.80000000000001,111.7,129.2875
Na Bon,TH8010,2014,,,,,,,,,,,,,,,,,,
Thung Yai,TH8011,2014,146.4,131.5,142.9,136.1,131.4,129.70000000000002,114.0,114.60000000000001,130.825,146.4,131.5,142.9,136.1,131.4,129.70000000000002,114.0,114.60000000000001,130.825
Pak Phanang,TH8012,2014,149.9942019099591,117.52635288767624,98.46891768985903,129.3736925875398,97.53478854024559,128.02285129604368,107.5666894042747,106.77228285584359,116.90747214643021,150.34272396543886,138.62323783537974,153.2379035925421,144.37708049113238,136.78028649386087,128.02285129604368,107.5666894042747,106.77228285584359,133.2153819918145
Ron Phibun,TH8013,2014,148.1167381974249,126.69341917024322,111.95822603719601,136.83855507868384,112.3562947067239,127.86173104434907,108.49506437768241,106.3189556509299,122.32987303290417,148.1167381974249,134.16165951359082,146.06223175965664,136.83855507868384,131.93497854077253,127.86173104434907,108.49506437768241,106.3189556509299,129.97373927038626
Sichon,TH8014,2014,,,,,,,,,,,,,,,,,,
Khanom,TH8015,2014,,,,,,,,,,,,,,,,,,
Hua Sai,TH8016,2014,147.9722047409272,105.71749528005034,86.3403398363751,128.23389972729183,78.97153345919865,127.48088944829031,106.8479127333753,107.69177679882526,111.15700650304176,148.0869519614013,134.08210614642334,149.04281518774908,138.52408223201172,133.12787916928883,127.48088944829031,106.8479127333753,107.69177679882526,130.6105517096707
Bang Khan,TH8017,2014,,,,,,,,,,,,,,,,,,
Tham Phannara,TH8018,2014,,,,,,,,,,,,,,,,,,
Chulabhorn,TH8019,2014,147.3004901960784,127.02671568627451,113.22598039215687,134.39313725490197,113.52549019607844,127.70514705882351,109.05661764705883,106.35441176470589,122.32349877450982,147.3004901960784,132.19093137254902,144.18651960784317,134.39313725490197,130.09950980392156,127.70514705882351,109.05661764705883,106.35441176470589,128.9108455882353
Phra Phrom,TH8020,2014,149.21606475716064,129.88966376089664,110.94943960149442,139.446699875467,112.05392278953923,128.21718555417186,108.57633872976339,107.04794520547946,123.17465753424659,149.21606475716064,136.30037359900376,148.94744707347448,139.446699875467,134.29377334993774,128.21718555417186,108.57633872976339,107.04794520547946,131.50572851805728
Nopphitam,TH8021,2014,,,,,,,,,,,,,,,,,,
Chang Klang,TH8022,2014,,,,,,,,,,,,,,,,,,
Chaloem Phra Kiat,TH8023,2014,147.04850361197114,120.7418988648091,104.36202270381837,138.21341589267288,102.25727554179568,126.88875128998967,106.79267285861715,104.95706914344686,118.9077012383901,147.04850361197114,134.31640866873067,149.72012383900932,140.94066047471622,133.05190918472653,126.88875128998967,106.79267285861715,104.95706914344686,130.46451238390094
Phra Nakhon,TH1001,2014,,,,,,,,,,,,,,,,,,
Dusit,TH1002,2014,,,,,,,,,,,,,,,,,,
Nong Chok,TH1003,2014,101.48063087991146,121.35926950747096,97.37985611510793,126.10415052573326,119.99800774764805,124.39490868843387,74.97205312672939,67.23464305478694,104.11543995572774,161.26889872717211,129.26734919756504,123.48987271721087,126.10415052573326,119.99800774764805,124.39490868843387,110.31936912008855,117.15893746541231,126.50018677365802
Bang Rak,TH1004,2014,,,,,,,,,,,,,,,,,,
Bang Khen,TH1005,2014,,,,,,,,,,,,,,,,,,
Bang Kapi,TH1006,2014,,,,,,,,,,,,,,,,,,
Pathum Wan,TH1007,2014,,,,,,,,,,,,,,,,,,
Pom Prap Sattru Phai,TH1008,2014,,,,,,,,,,,,,,,,,,
Phra Khanong,TH1009,2014,,,,,,,,,,,,,,,,,,
Min Buri,TH1010,2014,,,,,,,,,,,,,,,,,,
Lat Krabang,TH1011,2014,99.60893169877409,121.28756567425567,95.68126094570928,127.81436077057792,120.8826619964974,125.29299474605956,78.92101576182137,72.26567425569176,105.2193082311734,162.1148861646235,129.83450087565672,124.13800350262696,127.81436077057792,120.8826619964974,125.29299474605956,111.88809106830125,120.21908931698776,127.77307355516638
Yan Nawa,TH1012,2014,,,,,,,,,,,,,,,,,,
Samphanthawong,TH1013,2014,,,,,,,,,,,,,,,,,,
Phaya Thai,TH1014,2014,,,,,,,,,,,,,,,,,,
Thon Buri,TH1015,2014,,,,,,,,,,,,,,,,,,
Bangkok Yai,TH1016,2014,,,,,,,,,,,,,,,,,,
Huai Khwang,TH1017,2014,,,,,,,,,,,,,,,,,,
Khlong San,TH1018,2014,,,,,,,,,,,,,,,,,,
Taling Chan,TH1019,2014,,,,,,,,,,,,,,,,,,
Bangkok Noi,TH1020,2014,,,,,,,,,,,,,,,,,,
Bang Khun Thian,TH1021,2014,,,,,,,,,,,,,,,,,,
Phasi Charoen,TH1022,2014,,,,,,,,,,,,,,,,,,
Nong Khaem,TH1023,2014,,,,,,,,,,,,,,,,,,
Rat Burana,TH1024,2014,,,,,,,,,,,,,,,,,,
Bang Phlat,TH1025,2014,,,,,,,,,,,,,,,,,,
Din Daeng,TH1026,2014,,,,,,,,,,,,,,,,,,
Bueng Kum,TH1027,2014,,,,,,,,,,,,,,,,,,
Sathon,TH1028,2014,,,,,,,,,,,,,,,,,,
Bang Sue,TH1029,2014,,,,,,,,,,,,,,,,,,
Chatuchak,TH1030,2014,,,,,,,,,,,,,,,,,,
Bang Kho Laem,TH1031,2014,,,,,,,,,,,,,,,,,,
Prawet,TH1032,2014,,,,,,,,,,,,,,,,,,
Khlong Toei,TH1033,2014,,,,,,,,,,,,,,,,,,
Suan Luang,TH1034,2014,,,,,,,,,,,,,,,,,,
Chom Thong,TH1035,2014,,,,,,,,,,,,,,,,,,
Don Mueang,TH1036,2014,,,,,,,,,,,,,,,,,,
Ratchathewi,TH1037,2014,,,,,,,,,,,,,,,,,,
Lat Phrao,TH1038,2014,,,,,,,,,,,,,,,,,,
Vadhana,TH1039,2014,,,,,,,,,,,,,,,,,,
Bang Khae,TH1040,2014,,,,,,,,,,,,,,,,,,
Lak Si,TH1041,2014,,,,,,,,,,,,,,,,,,
Sai Mai,TH1042,2014,,,,,,,,,,,,,,,,,,
Khan Na Yao,TH1043,2014,,,,,,,,,,,,,,,,,,
Saphan Sung,TH1044,2014,,,,,,,,,,,,,,,,,,
Wang Thonglang,TH1045,2014,,,,,,,,,,,,,,,,,,
Khlong Sam Wa,TH1046,2014,99.775,121.22500000000001,95.60000000000001,125.35000000000001,119.5,124.2,73.275,65.875,103.1,161.22500000000002,129.35000000000002,123.4,125.35000000000001,119.5,124.2,109.95000000000002,117.02499999999999,126.25
Bang Na,TH1047,2014,,,,,,,,,,,,,,,,,,
Thawi Watthana,TH1048,2014,,,,,,,,,,,,,,,,,,
Thung Khru,TH1049,2014,,,,,,,,,,,,,,,,,,
Bang Bon,TH1050,2014,,,,,,,,,,,,,,,,,,
Mueang Prachuap Khiri Khan,TH7701,2014,76.4760033444816,121.55224080267556,91.8959364548495,90.23112040133779,77.00566889632105,117.83127090301005,107.67096989966551,87.38011705685618,96.25541596989966,154.02469899665553,121.8635785953177,113.4751839464883,117.09209030100332,119.09510033444815,117.83127090301005,107.67096989966551,123.34978260869563,121.80033444816053
Kui Buri,TH7702,2014,67.35908636212072,111.27392464154721,78.80373457819275,92.95851950650221,78.94458152717573,118.5049349783261,107.58239413137716,75.09343114371458,91.31507585861956,154.5667555851951,121.29896632210738,110.83174391463822,116.51557185728575,118.00543514504835,118.5049349783261,107.58239413137716,122.36498832944315,121.20884878292767
Thap Sakae,TH7703,2014,83.053125,118.70729166666666,101.521875,94.10677083333333,86.36822916666665,117.78541666666665,107.17395833333332,89.425,99.76770833333332,152.10729166666664,118.70729166666666,111.42447916666664,114.11197916666664,116.98385416666665,117.78541666666665,107.17395833333332,121.9536458333333,120.03098958333334
Bang Saphan,TH7704,2014,91.73143712574851,117.34550898203591,110.25928143712574,108.55988023952096,106.45928143712575,117.79491017964071,107.18652694610778,95.69041916167666,106.87840568862276,150.14760479041917,117.34550898203591,111.29999999999998,112.9874251497006,116.6820359281437,117.79491017964071,107.18652694610778,121.99880239520958,119.43035179640718
Bang Saphan Noi,TH7705,2014,,,,,,,,,,,,,,,,,,
Pran Buri,TH7706,2014,57.099052346570396,78.90288808664262,60.21719314079422,88.77026173285199,83.43740974729243,121.18253610108303,105.42721119133576,58.38303249097474,81.67744810469317,157.61904332129967,122.94282490974729,110.00884476534296,118.82184115523468,118.70794223826715,121.18253610108303,111.48064079422385,124.10825812274369,123.1089914259928
Hua Hin,TH7707,2014,52.90690567146636,67.90799294739936,55.57775492212753,88.9729356450191,86.3236849838378,120.42826917425803,94.95315897737292,50.07995885982957,77.14383264766383,156.56779312371438,120.83444019982369,107.1941522186306,116.9955333529239,116.71548633558625,120.42826917425803,109.9625036732295,121.67813693799589,121.2970393770203
Sam Roi Yot,TH7708,2014,61.12213483146066,91.98149812734084,67.57505617977529,90.88674157303373,81.07048689138578,118.93704119850189,107.59385767790262,65.56303370786517,85.59123127340825,155.5739325842697,121.71535580524345,110.02082397003747,117.13696629213482,118.33584269662926,118.93704119850189,107.97082397003744,122.43078651685394,121.51519662921349
Phra Nakhon Si Ayutthaya,TH1401,2014,89.30573248407646,101.06624203821657,80.49707006369428,121.19235668789813,119.91847133757963,125.26369426751596,56.534777070063704,41.229426751592364,91.87597133757961,162.703821656051,129.4791082802548,122.52726114649684,121.19235668789813,119.91847133757963,125.26369426751596,107.09108280254779,113.45439490445862,125.20377388535034
Tha Ruea,TH1402,2014,106.7373878364905,121.04327018943168,107.28444666001992,121.55633100697905,120.88464606181451,125.30927218344962,64.71525423728812,53.03439680957126,102.5706256231306,164.0572283150548,131.1019940179461,123.22532402791622,121.55633100697905,120.88464606181451,127.28923230309071,105.33290129611163,113.5904287138584,125.87976071784641
Nakhon Luang,TH1403,2014,99.85626865671647,112.88402985074632,96.33268656716419,121.28947761194033,120.51611940298508,126.14544776119408,59.824701492537336,46.640597014925376,97.93616604477614,163.28410447761198,130.2819402985075,122.5471641791045,121.28947761194033,120.51611940298508,126.544328358209,105.46440298507466,112.88888059701495,125.352052238806
Bang Sai,TH1404,2014,85.79331840238896,99.98771929824562,81.58081373646884,120.86450167973126,118.82265770810005,124.16297125793207,58.21519223590892,44.60694288913775,91.75426465098919,161.54318775662563,129.342851810377,121.20481522956331,120.86450167973126,118.82265770810005,124.16297125793207,107.78809257185517,113.05964912280702,124.59859089212391
Bang Ban,TH1405,2014,87.2803206997085,95.68250728862975,77.94344023323619,120.23994169096214,119.72026239067058,125.42609329446069,54.2262390670554,37.17142857142858,89.71127915451898,161.64081632653065,129.42390670553942,121.67871720116622,120.23994169096214,119.72026239067058,125.42609329446069,106.74358600583093,112.71064139941696,124.69799562682218
Bang Pa-In,TH1406,2014,91.35313225058007,107.39350348027841,86.21983758700698,121.66751740139212,119.65562645011602,124.38155452436195,59.9411252900232,47.940313225058006,94.8190762761021,161.76241299303945,129.12412993039442,121.82111368909513,121.66751740139212,119.65562645011602,124.38155452436195,106.82558004640372,114.08613689095131,124.91550899071927
Bang Pahan,TH1407,2014,95.46513157894738,105.79780701754387,87.80723684210527,121.11403508771933,120.7732456140351,126.38925438596492,56.020723684210544,39.991337719298244,94.16984649122809,162.51885964912282,130.1044956140351,122.56666666666669,121.11403508771933,120.7732456140351,126.95866228070176,106.31853070175441,112.64956140350878,125.37550712719302
Phak Hai,TH1408,2014,87.10636446886447,91.36932234432237,77.32078754578755,119.71959706959711,120.11579670329674,126.12875457875461,51.29313186813188,34.57284798534799,88.45332532051282,161.74903846153848,129.3452380952381,120.40705128205128,119.71959706959711,120.11579670329674,126.12875457875461,106.34899267399271,111.71076007326008,124.44065361721613
Phachi,TH1409,2014,104.00075342465752,119.45972602739724,102.34164383561642,121.99979452054794,120.56760273972601,125.90260273972605,63.94684931506849,52.419931506849316,101.32986301369863,162.9409589041096,129.9314383561644,123.25993150684931,121.99979452054794,120.56760273972601,126.02452054794522,104.83780821917809,112.69369863013699,125.2819691780822
Lat Bua Luang,TH1410,2014,83.92524902555219,94.33880467734951,81.04534430489392,119.86912083152882,118.24023386747511,124.04421827631008,56.13200519705501,42.653962754439156,90.03111736682548,160.91879601559117,128.58168038111737,119.64690342139455,119.86912083152882,118.24023386747511,124.04421827631008,108.1178432221741,112.90324815937637,124.04025552187095
Wang Noi,TH1411,2014,100.65085341365462,118.77921686746991,98.52525100401606,122.4882530120482,119.81380522088352,124.02474899598394,65.52756024096387,55.69578313253013,100.68818398594381,161.7395080321285,129.0831325301205,123.07756024096389,122.4882530120482,119.81380522088352,124.02474899598394,106.3120481927711,113.94252008032129,125.06019703815262
Sena,TH1412,2014,85.06306753147653,91.74891262876767,77.8210225104922,119.62636398321254,118.57035482640215,124.62762304463946,55.00137352155666,42.397863410911874,89.35707268218236,161.41903853491038,129.5186951545212,120.32262495230832,119.62636398321254,118.57035482640215,124.62762304463946,106.57451354444868,112.5968332697444,124.15700591377339
Bang Sai,TH1413,2014,84.96463352127114,88.15494618144544,76.9039466940031,119.07360328036906,118.44894925679138,124.7679138903127,54.2132752434649,43.62880574064582,88.76950922603797,160.88493080471554,129.6377242439775,119.34812916453102,119.07360328036906,118.44894925679138,124.7679138903127,106.58446950281908,112.52573039466944,123.90893131727321
Uthai,TH1414,2014,98.64713160854895,114.58970753655792,95.71276715410575,121.97221597300336,120.64156355455569,125.44971878515187,61.92609673790776,50.45444319460068,98.67420556805398,162.590607424072,129.59831271091113,122.55568053993252,121.97221597300336,120.64156355455569,125.44971878515187,105.0052305961755,112.89257592800901,125.08823818897639
Maha Rat,TH1415,2014,98.43071729957806,107.44776371308019,91.9697890295359,121.26371308016881,121.14430379746835,125.38025316455698,56.35628691983123,39.27215189873418,95.15812236286922,163.12286919831226,130.53308016877642,122.45915611814351,121.26371308016881,121.14430379746835,127.90396624472575,106.22067510548524,112.37873417721521,125.62831223628693
Ban Phraek,TH1416,2014,99.16839186691311,106.41256931608135,93.4863216266174,121.44362292051756,120.93012939001848,123.94454713493532,58.20499075785582,41.47523105360444,95.63322550831792,164.27116451016641,131.85785582255082,123.32125693160816,121.44362292051756,120.93012939001848,127.75489833641403,106.44177449168208,112.34547134935306,126.04577171903883
